11 70.433233 99.919778 88.977860 115.882234
9 68.679308 86.022390 86.811629 104.396556
6 75.249182 69.501248 92.951628 89.546198
4 88.129888 58.373292 105.824435 76.532863
1 98.269925 55.979851 121.066975 69.786009
15 121.808276 55.921449 137.395942 74.335574
11 132.332299 72.149713 150.029173 88.551237
9 136.596529 86.353316 150.476528 100.969745
9 136.460225 98.829356 150.315966 113.940280
5 129.793611 113.080663 145.322644 129.241418
3 116.546307 124.827768 132.407842 139.808422
18 100.915961 126.402473 114.219829 141.897634
14 80.429494 117.434720 97.503854 138.247216
