9 53.432231 74.640275 141.278745 147.414717
16 53.701197 80.762883 133.544168 149.000948
4 60.363937 85.622529 135.989577 145.126647
13 92.979460 123.363200 118.244795 133.188168
4 100.497739 127.452342 120.759435 141.469832
9 97.319796 124.528642 122.228373 141.859828
18 93.543695 126.066882 117.806192 141.936980
14 96.824909 127.923794 128.480974 141.993620
13 56.998985 93.174892 139.639494 137.996761
13 69.658965 101.255022 129.890636 122.966309
14 58.892697 87.368060 120.630476 108.414675
2 60.032795 74.641368 132.421262 139.060387
