13 38.101338 82.640232 55.282630 103.048564
16 52.575468 94.736479 66.611809 114.386416
3 68.817841 101.203707 84.946020 116.184361
5 83.113771 94.200102 97.748304 113.242160
7 93.081342 85.031000 108.986684 101.961741
8 100.727052 75.073225 117.761005 90.865945
10 104.989529 66.904402 118.675201 78.191563
12 104.346654 54.916539 117.720401 71.614144
14 98.118262 42.358659 113.560690 60.732825
16 86.269678 31.157438 103.897574 48.782987
1 69.303746 28.415726 84.792350 43.958249
4 53.319586 31.618770 70.972254 49.778341
5 44.337698 41.216539 64.413934 54.293618
8 37.107590 51.083103 54.139325 68.114838
10 33.020222 66.537161 51.053221 83.057754
