19 141.396023 26.080796 172.203977 40.784604
18 136.010617 16.847848 167.789383 40.860852
18 131.159100 14.623425 164.940900 41.370975
10 159.934452 38.499819 191.465548 57.406481
7 108.041049 32.844477 136.258951 47.117223
5 110.596355 25.425689 144.203645 44.249511
16 160.395581 23.358928 182.604419 39.089472
14 168.386618 31.248525 189.313382 42.182875
4 162.026339 54.214829 176.773661 67.806371
4 154.277872 64.027372 167.722128 78.593428
12 115.412404 68.985763 133.087596 79.008237
10 112.000000 52.500000 128.800000 66.500000
10 109.900000 37.100000 127.400000 56.700000
2 114.453720 16.931861 146.646280 40.545839
