10 122.041143 125.353438 147.338179 134.756694
11 125.112292 125.184389 146.217031 134.329567
12 96.258241 126.968497 118.701949 140.995422
13 97.432963 128.257932 124.768837 143.347879
10 121.755354 118.053836 147.730920 131.775818
15 72.892261 71.357906 131.755238 98.013112
13 89.974782 94.725450 158.964780 127.714690
14 82.788380 88.466410 148.592215 115.918550
14 97.902720 110.325551 169.829769 145.164179
14 110.588476 129.509225 182.295696 157.086027
13 118.040087 98.643085 139.363615 107.301607
11 92.460044 115.240210 112.738429 127.160781
17 106.738596 136.526300 125.139083 150.420903
