4 58.073572 141.380606 92.544574 151.911884
4 66.075062 133.983308 94.292964 147.668980
3 63.746298 135.758315 93.054488 152.923706
3 64.217255 132.867048 92.951381 149.942465
4 73.567057 139.370389 88.351517 155.651973
4 65.581371 127.282790 82.205602 145.442361
6 48.163784 127.490114 59.629520 133.943795
13 49.862201 119.190461 64.082581 125.794248
16 45.400439 116.165592 58.023018 123.200505
6 41.234946 116.113850 52.711270 122.567531
12 37.990564 122.989052 49.096291 131.953426
9 34.074748 132.814577 57.898311 151.295107
3 47.428138 142.444111 72.605457 161.486169
5 24.400069 155.779842 60.548072 171.275002
3 7.377160 159.888706 24.125172 178.723780
5 12.163326 170.956849 33.789745 194.725946
