2 28.081906 113.281312 103.736979 135.702862
3 22.555869 99.720800 115.939647 146.596827
3 24.902700 101.419316 107.419607 138.056734
3 38.749974 113.694861 101.625406 143.921784
4 50.859338 107.412154 118.083904 133.321612
4 70.862129 97.047744 133.894803 118.759031
2 1.430140 126.347086 62.442766 149.233982
2 22.331009 118.036724 88.559570 147.042413
1 9.675140 124.609656 81.499865 149.099654
2 28.865173 149.180949 43.134974 159.516325
2 40.511901 146.238260 52.922326 159.390066
1 52.909159 142.654517 68.381446 154.899516
19 63.158704 140.414247 79.479789 152.457503
3 17.081426 122.842959 38.379729 139.003714
3 26.239992 123.699668 47.340866 133.891822
2 38.090231 122.058078 56.198718 129.597309
2 46.492864 116.530465 66.062793 131.608926
