12 87.093775 101.096201 101.071430 119.470368
13 93.336289 115.407059 108.098497 138.602317
12 97.717870 130.367897 114.175258 150.412847
13 107.026001 143.011654 118.946902 166.154040
14 103.473046 87.379595 118.971213 106.395904
14 112.912697 97.610299 124.237996 116.716580
14 122.203076 107.362081 133.411187 125.575538
14 130.812553 119.183054 143.545328 134.032296
13 139.707440 127.109825 150.221699 140.428234
9 142.585801 148.038471 171.542882 162.887714
18 112.564970 164.218770 137.955826 180.088868
13 83.694828 92.253455 131.449034 118.238451
13 89.129468 105.333312 140.378962 132.713962
13 100.382989 128.107149 153.582989 151.207149
