12 114.659188 93.407630 179.514103 116.838085
14 114.041321 75.594479 165.846051 102.898553
11 111.185186 79.205522 176.077866 104.422775
13 112.969285 76.363670 175.930384 110.599639
13 103.894479 58.220843 161.469473 82.388590
12 114.815082 82.621035 169.525139 100.617979
13 122.897253 97.143035 177.001890 124.190586
13 133.199085 120.829418 192.498204 137.065797
13 138.390190 133.902630 198.234611 153.614809
13 143.640989 127.762327 158.507423 141.918951
14 151.207357 141.844770 167.307357 153.044770
14 144.827909 134.901004 162.361772 146.122857
12 168.260454 116.492298 179.795203 128.036994
12 172.875379 125.706418 185.139076 134.364940
14 174.205036 130.386486 186.805036 135.986486
