3 28.565839 75.822974 104.220912 98.244523
4 22.724067 61.649977 116.107845 108.526004
4 24.474890 64.000295 106.991797 100.637713
4 39.978880 75.340893 102.854312 105.567816
5 50.215106 66.487777 117.439671 92.397234
5 67.510750 52.935569 130.543425 74.646856
3 5.075715 95.126770 66.088342 118.013666
3 24.542729 82.427186 90.771291 111.432875
2 12.891333 90.801791 84.716058 115.291789
3 35.595524 116.881038 49.865325 127.216414
3 46.752558 111.921635 59.162982 125.073440
2 58.123592 105.754442 73.595879 117.999441
2 67.730316 101.520501 84.051401 113.563756
4 19.493953 92.551332 40.792256 108.712087
4 28.080100 91.718429 49.180973 101.910583
3 39.173775 88.155726 57.282262 95.694957
3 47.073161 80.917685 66.643090 95.996147
