15 69.088112 137.414058 100.157390 151.692860
15 72.015897 141.753624 98.366039 157.151596
16 77.021287 145.033233 101.531285 157.682018
16 68.643736 130.665618 114.278153 148.599048
16 70.189439 127.780851 114.841539 146.288383
17 70.659787 128.027643 119.040879 146.674374
12 64.738942 127.524811 85.200711 144.855997
16 75.954102 139.572352 92.766495 157.785809
18 90.058896 146.718302 105.028055 165.251785
15 81.771691 118.409547 104.215692 132.162365
17 90.090109 123.722953 111.090109 137.022953
13 102.343174 133.304426 121.106246 145.549425
