9 112.602723 120.558517 127.358614 137.474781
9 108.424668 131.690773 124.047098 147.972358
10 105.987625 146.813915 120.060893 164.986972
8 106.021577 164.779908 117.428064 177.630200
10 100.788108 174.461653 114.666879 187.538732
8 137.262961 135.309547 151.240229 153.197252
9 134.951407 145.363888 146.436441 165.408837
8 126.175931 160.849448 140.691135 179.488386
8 121.629122 171.221957 134.882969 192.786048
11 141.904552 121.320327 168.504552 134.620327
6 108.482669 107.289156 132.163269 123.404366
8 96.802363 157.316843 150.987041 184.929159
9 103.520233 129.800148 161.836096 155.039007
9 95.657347 142.504224 157.888327 166.314516
8 108.592573 108.474524 168.950753 135.129730
9 115.475694 86.858138 173.139551 115.032594
