13 58.517130 147.225155 118.427480 173.408997
12 62.248999 134.518277 121.501425 158.651785
13 49.732501 130.579796 114.193342 161.990611
13 57.660916 131.416551 121.314745 177.207108
13 37.884635 121.746766 110.688000 145.557966
12 72.559281 160.024337 128.910661 188.207488
14 80.868109 174.149799 133.404500 193.062758
13 34.559666 104.465339 99.946645 126.963561
14 78.484467 107.175223 91.144011 121.245049
13 69.366468 92.787567 83.398941 113.135785
13 50.624614 118.864638 68.913585 132.934464
13 43.371481 112.387603 61.571481 127.787603
