6 170.215592 133.591242 183.379341 145.511813
7 152.607868 135.536974 161.914779 147.457544
3 141.320123 142.779249 156.969464 154.066410
18 129.791664 140.015856 145.082239 156.654666
12 114.609324 133.132988 132.579823 145.357963
7 117.797117 118.688762 135.640912 132.135323
3 125.887389 111.136862 142.109328 124.213941
17 140.217151 109.480964 154.807408 122.002945
12 153.728412 115.860295 168.039852 132.336338
1 162.683676 122.336916 177.579811 130.766032
5 167.003478 138.135255 178.374947 147.262139
