17 167.521723 58.492434 184.703015 78.900766
3 151.703416 60.012959 165.739757 79.662895
8 135.675306 71.913021 151.803485 86.893675
10 130.587336 83.083199 145.221869 102.125258
12 129.941562 98.868716 145.846905 115.799457
12 131.246437 112.656037 148.280390 128.448757
14 138.619241 124.010163 152.304913 135.297324
17 146.007496 127.178570 159.381243 143.876174
19 157.011622 130.745119 172.454049 149.119285
3 171.717268 131.423354 189.345164 149.048904
6 188.036903 122.119208 203.525507 137.661731
8 194.061409 106.956992 211.714076 125.116562
10 193.171155 99.007020 213.247391 112.084099
12 192.253522 82.506313 209.285257 99.538048
15 183.311569 69.624046 201.344568 86.144639
