7 51.035406 127.884504 110.798354 155.195857
7 48.918540 122.722262 125.835768 159.905015
5 47.684420 133.157241 122.832607 156.601928
8 44.385166 121.624919 117.269252 163.875940
8 40.824493 152.708019 105.980892 169.522596
7 33.822951 168.410289 99.089167 188.060225
6 70.607725 107.874847 126.633633 131.798057
7 57.169909 120.334122 118.493578 144.298262
6 82.332785 97.118580 105.118755 115.318580
5 72.600368 104.845976 91.535019 129.265845
5 58.682529 122.102924 77.988481 140.583454
5 96.442435 111.759547 120.124567 128.354124
7 89.914756 126.621406 116.224075 138.705280
6 80.703790 139.322146 104.115370 156.151288
