8 -4.206722 48.771755 13.366624 67.580795
6 3.712444 34.751996 19.205847 52.307907
6 13.129398 20.601087 28.243612 38.543495
2 28.205663 11.822710 44.725292 29.139753
3 41.584355 8.865053 54.693847 22.329822
18 54.624101 4.058420 72.231806 19.039074
17 71.594140 3.443222 86.776516 20.774408
15 86.303398 11.505729 101.046003 31.428078
11 97.748347 26.750581 116.060015 43.579723
9 98.526281 45.370117 116.329042 64.205190
7 93.331784 63.780838 115.049535 82.822896
5 82.176018 77.306614 103.764987 95.680781
5 73.305329 90.642567 95.408688 106.605023
3 61.514045 97.097525 80.909815 114.820110
1 46.858348 103.676846 65.966557 119.669970
18 32.938498 105.901457 52.434512 123.966340
11 -3.392777 64.933183 11.244737 81.762325
12 -4.493156 80.068502 13.763549 97.624413
15 7.176736 94.824358 20.125560 110.817481
18 20.508085 101.398400 35.720523 119.878930
