10 74.668993 91.064666 150.379098 117.571358
10 77.770720 93.580549 152.148808 119.638199
11 78.646693 86.703117 152.103347 124.833964
11 74.174967 89.876754 145.869457 119.455148
13 71.006052 58.502220 134.992389 88.035252
10 91.839498 119.664715 148.631847 149.568728
10 132.447295 119.969073 146.585022 132.588502
10 128.612717 103.332264 146.525074 115.293870
10 126.801406 92.039657 141.702695 104.561637
9 101.483217 128.823401 115.710529 140.723401
9 100.519842 113.637328 115.604610 127.102097
9 100.170029 104.612066 114.320421 117.134047
15 103.643786 54.900644 119.127316 69.617301
15 112.374532 67.455711 129.592255 78.412444
15 121.915242 71.569394 134.978146 90.688495
14 101.510455 53.742190 119.279426 75.215196
15 90.571575 82.001380 103.760574 93.588442
15 89.328171 73.775992 99.885091 89.144141
14 80.029897 63.088776 94.919213 79.475356
15 92.807153 79.039890 106.823119 98.451484
