12 110.088280 150.864695 140.382999 172.684497
12 109.842379 151.909861 139.606787 174.047280
4 76.259019 136.174743 113.147093 153.875157
4 82.558374 139.102884 115.762289 155.026834
7 89.037386 117.319367 163.926210 148.404411
6 78.793510 140.337540 153.231440 160.382490
7 69.573824 153.042069 137.401374 178.027265
6 57.746044 174.954964 127.756452 199.534834
7 51.293426 182.741807 126.622835 202.453986
8 76.333029 154.346808 93.133029 168.346808
18 103.336201 180.852799 120.479803 189.368667
