14 33.058156 81.856480 88.746665 92.247343
13 33.235631 77.472830 88.433638 104.091066
14 36.927695 78.968446 90.503996 98.074074
12 27.417983 81.459666 88.514792 96.879950
12 56.879215 55.670578 73.043476 63.402331
6 54.909619 68.034557 67.045550 77.161441
4 44.295123 75.281566 56.527502 85.181061
1 31.711480 80.021696 47.605643 88.876073
16 22.584610 76.607364 37.497495 87.107364
8 18.309156 64.924408 29.943695 73.833954
4 24.142111 52.892926 36.732283 62.099989
2 33.621004 47.932584 46.908795 55.758822
18 44.439645 45.565815 58.388069 55.661359
