12 152.292553 65.907696 173.302989 84.228450
11 156.062508 81.803229 179.664635 98.129894
8 157.106288 97.959937 174.946206 114.818170
8 153.347230 113.438208 173.683081 132.351167
6 146.561144 126.264486 163.962384 148.189130
3 130.342991 139.179167 149.713720 158.489527
19 115.669614 145.070955 137.003442 162.626866
16 95.882632 141.998489 117.011529 161.014798
14 82.983654 131.412368 102.570870 148.701093
12 71.195971 117.121221 92.220150 133.979454
9 72.545345 98.455481 89.157644 118.167660
8 71.783121 82.853253 87.914000 98.395776
6 78.611347 65.921352 94.275766 87.485442
5 91.126586 53.669692 104.057763 70.585956
2 102.755739 44.166067 120.696012 60.492733
18 120.135624 42.770025 132.593890 59.599167
16 128.039155 39.251868 144.174367 60.298482
14 142.851075 47.950513 160.131862 71.429227
