10 100.296421 94.556006 142.858493 120.596270
19 70.607854 137.985838 113.849500 165.071671
6 97.256083 120.607129 127.388623 152.141117
16 92.930075 77.814421 124.499998 93.811301
17 53.188625 131.848491 103.714856 149.246285
2 80.593089 132.818900 117.798599 159.372974
2 85.173264 76.172166 106.952153 96.961106
6 61.758108 85.228839 85.362363 117.497245
9 53.670790 104.936477 77.149504 131.545686
12 50.758214 123.976522 76.352712 146.310800
6 44.342844 95.489407 133.694402 146.666062
12 47.209282 96.007996 138.983338 143.204818
16 35.785896 101.642192 140.085896 133.142192
1 38.132636 98.906914 127.053805 144.712809
