16 141.371607 151.068912 170.879742 166.176929
15 137.648347 152.896120 168.953298 167.734799
15 140.390104 152.227719 171.094501 165.294090
15 151.452690 149.863203 161.003803 158.990086
15 143.363039 155.840591 152.800833 167.127752
13 150.722477 166.486955 164.677310 174.916071
6 157.049425 178.633679 166.701591 185.840621
5 152.338513 194.477030 165.326228 204.977030
5 145.915098 185.496051 155.292470 195.902299
4 167.917867 167.237701 176.235099 176.655237
15 166.102829 179.769216 176.156463 188.540191
