13 87.096885 154.981789 122.124874 164.791396
12 83.861188 140.857100 114.859414 153.609084
12 84.343732 152.613104 118.672292 165.268877
12 79.610274 140.771854 116.769660 151.879134
12 86.728169 152.821433 119.635615 160.532633
12 84.191283 149.225503 119.303105 162.846840
12 84.210395 150.855598 117.817686 161.365398
12 81.121613 145.709495 116.828475 159.073195
13 84.232771 145.282290 115.740548 157.160590
12 86.585826 155.835272 125.885699 167.794975
12 82.223220 143.260969 114.453641 155.219974
13 82.833470 155.451004 115.740916 164.502004
12 84.170858 132.871227 111.614072 149.838285
12 87.817040 147.773959 117.350073 164.613357
