5 106.316046 144.248290 136.610765 166.068091
5 105.274048 144.043834 135.038456 166.181253
15 107.714611 111.800824 144.602685 129.501238
15 109.249616 117.581320 142.453531 133.505270
18 111.457914 130.417670 186.346738 161.502714
18 91.595583 132.434530 166.033513 152.479479
18 76.245500 123.709537 144.073051 148.694732
17 51.038261 121.669204 121.048669 146.249073
18 42.021974 122.480212 117.351383 142.192391
19 98.947942 110.192440 115.747942 124.192440
11 86.329245 146.820759 103.472848 155.336626
