16 104.328354 109.991706 134.501521 124.025429
16 101.571547 104.871470 126.781267 126.579818
16 94.018819 103.425569 135.531829 128.758603
7 105.960211 140.903306 146.944598 150.293754
1 38.470599 114.518677 98.511844 142.068813
1 59.835513 112.163847 116.435571 144.409467
19 73.037503 111.599743 141.678092 143.532328
19 93.097167 110.579774 156.530403 145.418402
17 97.064837 139.795315 122.609830 150.318623
7 118.105052 132.795756 142.095338 144.082917
18 115.509574 115.329925 179.285265 139.909795
