2 77.119356 84.319987 147.133355 113.031321
1 84.685133 87.041489 150.238928 112.692964
2 93.564975 82.972992 151.173742 126.403651
3 118.052244 80.385645 173.780086 108.603547
1 60.999557 86.233503 115.563065 122.370049
1 66.664460 83.530870 80.073416 99.767249
1 87.194746 81.793545 103.435689 98.029923
19 72.437807 108.200602 87.457870 128.930533
1 94.097006 110.789756 109.731161 131.389271
1 99.583844 82.211867 114.423636 97.754389
2 80.259362 83.394829 92.859362 98.094829
18 101.407889 110.351831 115.996854 132.276474
18 81.536442 113.900272 98.166255 128.978733
