12 101.374084 74.323234 161.284434 106.235546
11 91.854263 78.560905 170.235511 113.606342
11 98.344761 84.412980 171.841428 109.982993
12 94.807274 81.511014 165.489945 110.174592
10 106.369019 107.879567 170.915827 131.410398
11 112.658840 118.334894 167.717793 140.068738
11 108.679887 95.314120 163.842813 118.243795
13 96.862536 67.409035 154.262536 86.309035
13 89.045658 51.282450 152.045658 72.282450
13 84.843052 47.038425 146.469644 70.848716
10 147.490128 115.014797 161.766823 130.745340
11 143.827899 101.633935 158.805374 111.383806
10 141.618810 88.315704 156.223286 102.104105
11 138.289474 80.979950 152.952561 92.714088
10 119.104126 115.187689 135.120225 134.306789
10 115.068236 102.361293 134.011289 115.826062
12 115.306920 95.501869 131.439281 106.723722
13 135.401729 66.628500 151.521667 80.645989
13 122.193020 52.353894 141.793020 67.053894
14 131.171773 61.278448 146.138559 72.673623
13 114.109042 40.569598 133.035052 53.888006
13 104.952574 70.498474 121.052574 90.798474
13 94.742798 54.182724 110.893236 71.738635
