7 121.043067 85.697172 163.605140 111.737435
15 71.794048 105.201128 115.035694 132.286961
3 103.481375 101.649533 133.613916 133.183521
13 128.045582 65.483715 159.615505 81.480595
13 62.870859 93.237217 113.397090 110.635011
16 83.626152 104.858988 120.831662 131.413062
17 122.030338 56.637501 143.809227 77.426440
3 94.188214 50.581321 117.792469 82.849727
6 78.056175 62.845976 101.534889 89.455185
9 66.008878 77.959189 91.603376 100.293468
3 63.105830 66.115638 152.457388 117.292293
9 66.097894 69.165982 157.871949 116.362804
12 56.794917 72.293059 161.094917 103.793059
16 57.584725 65.814939 146.505894 111.620834
