16 73.487253 117.965044 110.315503 139.213029
16 69.445957 119.166288 105.255593 136.016936
16 69.881846 120.056438 105.828056 138.384107
16 70.800670 118.913984 106.562381 138.547616
12 106.271400 104.722469 143.378003 115.929255
12 104.071038 105.698340 143.233520 116.817659
11 104.347712 103.130862 140.109423 125.303649
15 73.059642 123.806532 87.621995 141.362443
14 82.766580 113.712348 96.100684 135.002017
12 119.343245 99.987568 132.595383 120.008058
12 105.870158 106.211763 122.199199 122.732356
12 98.911377 136.418600 129.716468 152.071076
15 125.133590 152.165932 145.433590 172.465932
12 112.498089 167.247808 133.844328 183.842385
