10 99.212183 140.732541 133.022980 158.890493
9 93.699123 144.698505 131.783240 178.581462
18 59.622856 100.906794 101.247848 120.733113
16 63.889725 98.509728 97.873986 126.676822
18 76.353332 95.470629 94.092165 111.433085
18 79.944001 110.419347 92.736815 127.806987
11 120.253855 141.541611 132.869899 155.330012
10 105.157806 142.903990 118.937426 156.710148
10 106.093169 136.705704 134.327623 167.798629
19 70.470502 98.013555 97.989750 125.599239
9 102.954242 98.044927 117.912664 112.044927
9 104.439162 82.261934 120.457484 101.723949
18 120.221841 116.758496 137.571813 130.758496
19 135.074510 115.341409 148.515207 133.008611
