2 53.262351 57.555709 123.276350 86.267044
19 60.732011 60.646506 126.285806 86.297982
1 69.263596 56.908583 126.872363 100.339243
2 94.404585 55.988610 150.132427 84.206512
19 36.808179 57.792174 91.371687 93.928721
19 43.392016 54.080128 56.800972 70.316507
19 63.990032 53.877930 80.230975 70.114309
18 47.271737 79.143214 62.291800 99.873144
19 68.701366 83.258507 84.335521 103.858022
19 76.345677 55.111428 91.185469 70.653951
2 57.017863 54.866407 69.617863 69.566407
18 75.980043 83.293562 90.569008 105.218205
17 56.145772 85.526717 72.775585 100.605178
