17 99.552156 124.213872 133.362953 142.371824
17 107.500282 123.394790 145.584399 157.277747
7 47.160813 144.423488 88.785805 164.249806
5 52.803255 140.408260 86.787516 168.575354
7 53.695845 139.430029 71.434677 155.392485
7 71.340788 142.759494 84.133601 160.147133
18 112.249107 116.075486 124.865151 129.863887
17 108.238487 130.236549 122.018107 144.042707
17 105.980496 114.671151 134.214950 145.764076
8 56.381843 137.276930 83.901091 164.862615
16 64.800129 117.092720 79.758551 131.092720
16 52.585262 108.207306 68.603584 127.669320
8 87.309468 105.727799 104.659439 119.727799
8 93.857116 91.834474 107.297813 109.501676
