11 117.000690 116.779670 131.959683 129.399100
18 128.766998 125.559171 140.771625 139.453775
1 139.386424 124.707502 151.759410 143.188032
2 149.833890 125.411661 161.835783 141.142204
1 157.909255 124.964903 170.522039 139.994540
1 167.222091 124.718364 180.495538 138.805592
19 127.180807 100.649112 141.365003 114.823032
1 138.198692 98.380662 151.444044 116.227230
2 150.088688 104.330530 163.863477 119.682728
1 160.051412 101.048502 172.767768 120.154784
17 172.996683 107.603329 188.918834 121.049890
6 108.566356 102.423930 134.376904 115.705496
19 148.733416 104.871576 203.083361 132.845314
1 133.433671 109.812721 186.652089 133.291435
1 107.497873 112.520383 163.510582 132.244986
1 86.114414 111.989858 136.599393 136.409727
