3 93.238429 37.415826 124.046383 52.119634
3 86.453645 30.461417 118.232412 54.474421
3 81.573269 29.809449 115.355069 56.556998
12 115.947992 41.295725 147.479087 60.202388
9 65.196528 57.197794 93.414430 71.470541
7 65.324856 48.136531 98.932147 66.960354
18 110.206478 29.125776 132.415317 44.856319
16 119.758926 33.706951 140.685690 44.641301
7 123.642650 58.434338 138.389972 72.025879
7 120.586395 70.710238 134.030651 85.276294
15 85.692111 89.814426 103.367304 99.836901
12 76.921335 75.985419 93.721335 89.985419
12 70.037239 62.270837 87.537239 81.870837
5 66.548840 38.896721 98.741400 62.510700
