10 90.783794 175.089381 124.594591 193.247333
9 84.656307 178.862427 122.740425 212.745384
18 53.284029 133.449607 94.909022 153.275925
16 57.457478 131.073479 91.441739 159.240573
18 70.393562 128.274092 88.132394 144.236548
18 73.163049 143.259841 85.955862 160.647480
11 111.883152 176.446948 124.499196 190.235349
10 96.735228 177.047830 110.514848 190.853988
10 97.531438 171.273400 125.765892 202.366325
18 64.074848 130.753618 91.594096 158.339303
9 96.876546 132.165633 111.834968 146.165633
9 99.041793 116.505978 115.060115 135.967993
18 113.139449 151.819854 130.489421 165.819854
18 127.952643 151.077228 141.393340 168.744429
