18 65.718930 124.123499 80.677923 136.742928
7 54.610367 129.498120 66.614994 143.392723
8 49.042741 136.682167 61.415727 155.162697
9 46.006092 147.823145 58.007984 163.553688
8 43.300301 156.242790 55.913085 171.272428
8 40.023055 165.923856 53.296502 180.011084
8 76.673256 138.177357 90.857452 152.351277
8 73.591814 146.283275 86.837165 164.129843
8 64.413607 157.038458 78.188396 172.390657
8 62.711651 164.434329 75.428006 183.540611
6 52.205184 179.357620 68.127335 192.804180
13 74.423626 126.256680 100.234175 139.538247
8 30.680969 165.714682 85.030914 193.688420
8 34.692564 152.242898 87.910982 175.721611
8 41.717635 131.056959 97.730344 150.781563
8 51.842453 105.639617 102.327432 130.059486
