12 62.447794 102.235927 109.075361 120.692257
13 63.082477 101.402876 111.402763 123.855791
12 63.974280 108.837481 87.169538 124.992657
13 65.087165 109.663233 90.326024 125.961672
13 64.311491 107.288580 87.422094 126.163065
13 63.208920 110.215621 87.050061 124.881936
9 62.147337 89.049717 81.473200 106.549717
15 75.660953 121.839652 96.249153 140.958753
14 84.295488 88.509594 101.176927 102.579420
13 93.700938 102.856551 109.114310 119.671128
11 99.413119 119.640438 115.627908 129.662912
4 71.650676 80.309226 88.969355 90.134194
18 82.757865 129.992118 108.221593 142.035374
