16 92.215702 149.194213 121.723836 164.302230
15 88.553230 151.118977 119.858182 165.957656
16 91.239247 150.366316 121.943644 163.432687
15 102.150274 147.987481 111.701387 157.114364
15 94.311889 154.244873 103.749684 165.532033
13 101.987149 164.549959 115.941982 172.979076
6 108.714141 176.543930 118.366308 183.750871
5 104.615471 192.482830 117.603186 202.982830
5 97.882001 183.794524 107.259373 194.200772
4 119.217230 164.798211 127.534462 174.215748
15 117.828829 177.355334 127.882464 186.126309
