6 84.625566 84.795711 172.472080 157.570152
13 83.419208 88.354546 163.262179 156.592612
1 89.128871 95.552622 164.754511 155.056739
10 113.778036 135.273093 139.043370 145.098061
1 117.256290 141.080670 137.517986 155.098159
6 114.879519 137.896653 139.788097 155.227838
15 111.298276 137.139948 135.560774 153.010046
11 113.012156 142.549251 144.668222 156.619077
10 85.630329 103.148390 168.270837 147.970260
10 99.910688 112.527907 160.142359 134.239195
11 98.201027 95.495401 159.938806 116.542016
17 93.610872 84.833457 165.999339 149.252475
