18 80.531512 61.467825 123.093584 87.508089
8 117.736797 98.141155 160.978443 125.226988
14 113.249206 73.300939 143.381746 104.834927
6 62.209897 74.962990 93.779819 90.959870
7 100.686134 114.413647 151.212364 131.811441
10 116.751262 90.531245 153.956772 117.085318
10 65.431162 85.130657 87.210051 105.919596
14 74.749359 104.303250 98.353614 136.571656
17 89.824961 118.353678 113.303675 144.962887
2 105.005211 125.536916 130.599709 147.871195
14 64.177785 83.436493 153.529343 134.613147
2 62.300300 81.142898 154.074356 128.339720
6 52.879141 93.634419 157.179141 125.134419
9 63.885630 92.568919 152.806799 138.374814
