11 151.728657 121.992812 170.273284 137.955268
9 155.210777 133.204080 173.343098 151.578247
7 150.745198 148.632782 168.447645 168.677732
5 139.204657 162.925981 156.899205 181.085551
2 124.509352 170.974399 147.306402 184.780558
16 108.054857 168.520771 123.642523 186.934896
12 93.893927 155.598791 111.590800 172.000315
9 92.068092 143.499450 105.948091 158.115880
9 90.897895 130.583100 104.753636 145.694023
6 94.314744 114.753509 109.843777 130.914264
4 105.991658 102.880283 121.853193 117.860937
19 123.895548 99.033616 137.199416 114.528776
15 141.169103 100.705115 158.243463 121.517611
