17 79.738765 93.832158 116.567015 115.080143
16 75.618139 95.514534 111.427774 112.365182
16 76.221508 96.343061 112.167717 114.670730
16 77.084639 95.116888 112.846351 114.750520
12 110.433533 77.248206 147.540137 88.454992
13 108.337029 78.341523 147.499511 89.460842
12 108.930829 75.906652 144.692540 98.079439
15 79.792122 100.860167 94.354475 118.416077
15 88.589262 89.860595 101.923365 111.150264
12 123.464818 72.395458 136.716956 92.415948
12 110.524796 79.842652 126.853837 96.363245
13 106.676588 109.857202 137.481679 125.509677
16 134.672871 123.313611 154.972871 143.613611
13 123.486547 139.589104 144.832786 156.183682
