10 112.311913 129.801219 142.679330 142.222520
10 111.959037 126.979288 137.697724 138.300394
11 107.101467 114.353950 137.493077 133.145386
11 113.119427 114.432253 138.416462 139.027419
11 109.590809 114.878847 122.683401 130.841303
12 122.460259 109.628585 137.536649 130.358515
13 78.263059 147.570908 90.863059 153.870908
9 78.045029 143.437518 88.979378 148.904693
18 84.020142 150.874318 94.486221 156.895946
17 86.819143 138.344203 98.640620 145.785305
17 98.165544 144.680566 117.248893 163.001319
11 117.366879 135.628479 137.069734 149.905734
10 118.741794 168.661431 134.411803 185.256008
15 138.589232 164.905890 154.342019 187.523582
