8 109.136541 115.734567 173.991456 139.165021
9 122.401368 97.746089 174.206097 125.050163
7 116.494645 103.237736 181.387326 128.454989
8 116.798985 100.464087 179.760084 134.700056
8 128.416916 81.085097 185.991911 105.252845
8 120.731626 105.646333 175.441683 123.643277
8 112.409600 119.800797 166.514237 146.848348
8 105.239777 147.107642 164.538896 163.344021
8 97.861237 159.466834 157.705659 179.179013
8 115.116081 143.555278 129.982515 157.711902
9 110.862116 159.614365 126.962116 170.814365
9 111.353715 150.733950 128.887579 161.955803
8 141.633756 153.071652 153.168505 164.616348
8 138.981850 163.456273 151.245547 172.114794
9 137.530847 168.229807 150.130847 173.829807
