4 154.435871 106.403978 174.532046 121.286182
4 143.153674 105.999772 167.435554 124.834845
3 135.440316 110.395313 160.625573 125.375967
3 -22.581368 166.194938 1.970762 188.605873
3 -15.923665 165.018904 10.005338 181.716508
4 -7.078693 159.913777 17.322363 181.249428
4 14.312581 153.690910 53.079200 171.022096
3 24.876355 149.350517 70.609141 168.812532
3 37.082820 143.368350 84.085129 163.955968
3 51.990583 134.646110 100.282280 158.166527
3 64.993763 131.977810 110.262769 151.789171
3 77.038040 129.028974 126.461355 147.667912
3 89.986810 121.912950 137.538356 142.104037
