2 91.619655 76.533059 151.530004 108.445372
1 76.657892 73.976887 155.039140 109.022324
1 77.500774 82.596825 150.997441 108.166838
2 80.855435 76.307569 151.538106 104.971146
19 59.263469 84.403688 123.810277 107.934518
1 54.333402 85.671866 109.392354 107.405711
2 77.015713 83.908915 132.178639 106.838590
3 106.897938 78.951006 164.297938 97.851006
3 119.673549 74.758897 182.673549 95.758897
3 123.773828 68.846858 185.400420 92.657150
19 79.239344 103.776468 93.516039 119.507011
19 95.541735 105.474798 110.519210 115.224670
18 107.234929 102.454799 121.839404 116.243200
1 115.908346 101.225677 130.571432 112.959815
19 79.869782 74.543441 95.885881 93.662542
18 94.256686 76.725057 113.199739 90.189826
3 103.725606 77.661174 119.857967 88.883028
3 128.554385 99.550644 144.674323 113.568133
3 142.041528 89.524245 161.641528 104.224245
4 136.328288 96.902894 151.295073 108.298068
3 155.786886 83.377168 174.712896 96.695576
3 125.317419 65.322848 141.417419 85.622848
3 144.089338 58.741850 160.239776 76.297761
