18 57.026835 115.760999 92.054823 125.570607
18 72.554875 116.542401 103.553101 129.294385
18 59.822734 112.207628 94.151294 124.863401
18 70.864164 116.853208 108.023551 127.960487
18 61.566215 117.299160 94.473661 125.010360
18 61.767782 113.467003 96.879604 127.088340
18 62.845527 114.361636 96.452818 124.871436
18 66.030266 113.176370 101.737128 126.540070
18 68.585869 115.396923 100.093646 127.275223
18 52.394349 115.041964 91.694222 127.001668
18 70.777933 115.008547 103.008353 126.967551
18 60.831981 111.577915 93.739427 120.628915
18 80.095327 116.305113 107.538542 133.272170
18 63.980416 112.483794 93.513449 129.323192
