10 75.831604 122.280090 147.526095 155.669845
10 78.084807 125.351540 145.080329 160.332033
10 82.338731 119.530748 141.735701 149.520306
10 76.582622 118.186208 145.879087 149.631953
10 86.450365 158.403163 145.783574 184.538580
13 123.024669 94.778297 139.782560 110.066528
12 115.712640 80.823425 133.391159 95.672668
12 92.158123 98.085238 109.858288 112.241862
13 87.981238 85.504929 105.512328 102.334071
11 83.997938 85.124706 141.397938 111.724706
10 83.126255 106.896248 149.715353 136.963672
