2 47.908914 76.460419 84.850083 92.992422
1 49.362079 74.108235 81.202462 87.560552
18 47.505754 69.539186 80.234029 89.432565
18 49.639424 72.562188 78.880662 92.247202
8 66.497531 112.934788 95.671663 126.770495
7 60.971366 114.445814 96.972060 130.161398
8 61.443311 112.389189 96.985117 130.503749
7 62.449465 113.386243 95.319664 129.790158
18 51.176247 67.530845 62.959146 77.479715
13 44.233153 75.324253 56.963919 85.223748
5 49.716392 68.731526 58.116392 77.131526
18 48.142341 80.990381 62.521523 91.396629
7 65.289325 106.310360 76.393744 124.252768
7 75.749568 112.959913 87.321464 131.559376
2 97.437132 73.846548 113.674441 92.694625
3 116.163390 66.582500 130.044056 88.718443
8 97.939578 45.615786 115.102810 65.228282
8 89.523365 62.295298 108.050144 77.275952
17 67.759139 75.176721 86.695945 87.219976
7 77.234918 93.127332 94.863299 107.843989
