2 109.352984 174.228259 130.363420 192.549013
19 92.549609 177.898098 116.151736 194.224763
16 79.497831 173.248567 97.337748 190.106799
16 62.340263 167.158978 82.676114 186.071937
14 50.943015 155.259319 68.344255 177.183963
11 40.876670 139.704782 60.247399 159.015142
9 37.084168 126.274297 58.417996 143.830208
6 42.611458 106.265934 63.740355 125.282243
5 56.829675 95.419367 76.416891 112.708092
2 72.170594 86.970992 93.194773 103.829225
17 91.537059 87.394736 108.149358 107.106915
16 109.403962 91.255843 125.534840 106.798365
14 122.355232 96.936602 138.019652 118.500692
13 136.373949 112.551997 149.305126 129.468262
10 141.336192 128.339299 159.276465 144.665965
8 142.917879 142.725801 155.376146 159.554942
6 140.947490 150.459609 157.082702 171.506224
4 128.175375 162.887857 145.456162 186.366571
