5 14.406533 165.811262 34.502708 180.693466
5 21.090404 160.690771 45.372284 179.525845
4 27.361442 158.926173 52.546699 173.906827
4 173.276109 69.105282 197.828239 91.516217
4 166.053408 77.209025 191.982411 93.906630
5 159.342953 79.037029 183.744010 100.372680
5 125.448494 94.101236 164.215114 111.432422
4 108.700650 98.700257 154.433437 118.162271
4 96.360812 105.704344 143.363121 126.291962
4 81.659902 114.084209 129.951599 137.604625
4 72.639380 122.388389 117.908387 142.199749
4 57.269185 128.908103 106.692500 147.547041
4 47.475608 136.461675 95.027154 156.652762
