9 104.297263 88.749012 138.129792 99.516708
9 105.355040 81.408703 139.490359 102.337541
10 103.039943 81.844778 141.310167 100.201350
11 111.610927 95.920034 140.073051 111.759225
10 116.615456 102.602286 140.467452 115.509649
11 116.236177 110.109221 139.836294 122.493485
10 100.756509 83.083375 114.157712 93.032244
12 130.001134 79.549490 141.592048 91.199812
6 128.814772 90.327364 140.140591 99.534427
14 105.940288 90.032352 114.150015 98.013580
2 119.346585 77.380648 132.351013 83.834329
19 107.672788 77.433617 120.374458 86.560500
