16 73.805395 64.394497 161.651909 137.168939
5 79.810085 71.640506 159.653056 139.878572
11 84.221138 72.047514 159.846777 131.551632
2 124.211266 95.341888 149.476600 105.166857
11 134.404110 91.178694 154.665806 105.196183
16 130.575784 89.787198 155.484362 107.118383
7 129.969421 94.591013 154.231918 110.461111
3 129.984903 89.505587 161.640968 103.575412
2 80.964633 79.344392 163.605141 124.166262
2 89.586363 88.156487 149.818034 109.867775
2 71.770594 91.852840 133.508373 112.899455
9 77.259902 67.904324 149.648369 132.323343
