2 85.927841 130.586834 102.761400 145.939033
2 97.707067 127.431099 113.420729 145.373507
3 114.032358 122.596536 127.524703 139.628271
3 123.143864 121.040537 141.215518 140.565393
3 78.861866 107.518752 97.974764 126.625033
4 92.065373 101.608155 110.395445 119.233705
4 107.045101 94.322785 124.596850 112.576551
3 120.101951 87.943991 138.321998 103.232222
16 127.260227 80.859897 162.536515 97.454474
6 136.523036 116.295036 165.477171 130.047854
3 71.629568 105.811708 132.497921 132.310198
2 83.164887 101.072402 147.780085 126.311261
3 103.649444 99.062316 164.488115 122.530593
2 118.100416 92.270946 185.450172 118.009633
