12 117.772821 134.632808 148.067540 156.452610
12 117.569249 135.695076 147.333657 157.832495
5 83.377605 121.018631 120.265679 138.719044
4 89.745436 123.789973 122.949352 139.713922
7 95.712128 101.061602 170.600952 132.146647
7 86.085306 124.434490 160.523236 144.479440
7 77.402837 137.566887 145.230388 162.552083
6 66.339274 159.841250 136.349682 184.421119
7 60.075784 167.757210 135.405192 187.469389
8 84.027313 139.528702 100.827313 153.528702
18 111.843280 165.071824 128.986882 173.587692
