11 65.697580 82.714804 125.607930 108.898645
11 59.402634 96.240878 118.655060 120.374386
12 66.343744 95.291145 130.804585 126.701960
11 61.387680 78.492633 125.041509 124.283190
12 66.564898 113.205680 139.368264 137.016880
11 58.916893 65.359590 115.268273 93.542741
12 56.909129 59.237602 109.445520 78.150560
11 72.757763 132.968728 138.144743 155.466950
13 81.718110 134.394145 94.377654 148.463971
12 86.491479 144.209054 100.523952 164.557273
11 106.032514 129.110923 124.321486 143.180749
12 111.751810 135.850598 129.951810 151.250598
