17 88.001991 92.797340 113.299026 102.200595
18 90.222391 91.914428 111.327130 101.059606
19 81.948923 116.939892 104.392631 130.966817
2 82.639071 113.841256 109.974945 128.931203
17 82.988635 88.498400 108.964200 102.220382
3 16.607465 95.285634 75.470442 121.940840
2 44.792085 82.679789 113.782082 115.669030
2 34.567115 89.796945 100.370950 117.249085
3 62.241597 79.892239 134.168646 114.730867
3 81.674721 78.360427 153.381942 105.937228
2 62.811987 87.624308 84.135515 96.282830
18 69.369912 117.253266 89.648297 129.173836
5 96.082061 113.139204 114.482548 127.033807
