11 88.139404 89.698419 97.595805 106.219012
14 89.881290 102.689129 105.422420 120.848700
14 96.852752 115.105505 111.387948 131.700083
16 108.267345 121.092407 122.173674 137.906984
18 118.150216 128.499516 135.914274 148.298506
1 132.556500 131.348538 150.336159 149.195106
2 145.809032 131.652365 163.763016 148.741543
4 159.240530 129.166603 177.410041 146.554242
6 170.293756 122.397859 189.150946 139.036669
7 182.851927 108.475633 199.739664 128.883965
9 189.120873 96.009302 208.044633 114.182359
11 191.475226 76.075939 207.719644 97.087602
13 189.064193 61.107488 204.067656 81.551802
14 179.475750 48.608072 196.047851 67.456149
16 165.476088 38.983541 181.968816 57.237307
18 147.034428 34.313975 168.749200 55.878066
2 128.178915 36.768844 146.325800 52.136993
4 110.436498 42.648317 127.344117 57.530521
6 94.122497 52.572737 110.844165 72.957045
9 86.580262 70.517075 99.304505 91.009268
