13 130.894599 161.909048 138.617715 171.035932
8 126.053724 152.949404 138.405372 165.568833
5 133.430256 145.210822 143.930256 155.710822
1 140.914200 142.179134 154.735654 149.179134
10 151.938237 151.122719 162.013249 160.249603
4 147.830176 161.910157 158.307386 172.433465
17 136.379861 164.866128 146.965278 175.551164
15 149.068204 145.820803 159.840001 152.274484
8 150.976763 157.701076 162.267358 165.272734
18 139.857743 165.191825 151.492282 174.101370
14 117.498030 143.799228 153.898030 152.899228
