18 146.267066 127.389825 183.108618 155.474063
4 152.759447 127.049553 164.968879 134.084466
17 158.633415 126.410001 170.666348 133.616943
8 148.733185 129.442231 160.023780 139.537774
13 162.915010 128.827121 175.558105 137.256237
6 162.809182 134.611727 175.784449 144.132757
2 159.093627 140.232527 171.076017 149.332527
13 150.162579 138.345766 162.120752 145.380679
8 145.338577 122.500911 179.830351 149.293634
5 143.975005 122.550981 179.693765 148.460438
14 141.296731 123.164502 184.013959 147.674500
12 142.747864 127.786065 181.149518 152.613872
1 150.870622 124.974162 182.149465 151.184465
