11 182.247975 85.397825 213.055929 100.101632
11 185.121316 74.938908 216.900082 98.951913
11 184.088919 69.627494 217.870719 96.375044
2 171.989687 104.978382 203.520783 123.885045
17 169.368126 53.324446 197.586028 67.597193
15 172.865853 55.007371 206.473144 73.831194
8 192.006210 98.710892 214.215048 114.441436
6 188.949884 109.505928 209.876648 120.440278
15 166.241594 104.434698 180.988916 118.026240
15 154.967721 98.079683 168.411978 112.645740
5 141.967559 65.147728 159.642752 75.170202
2 155.664537 56.146525 172.464537 70.146525
2 167.197935 48.806994 184.697935 68.406994
13 180.224254 54.309638 212.416814 77.923617
