6 109.988993 146.529755 119.445394 163.050349
9 115.096711 133.578210 130.637841 151.737780
9 120.998069 122.193293 135.533265 138.787870
11 119.501462 109.549104 133.407791 126.363681
12 117.571427 93.267884 135.335485 113.066874
14 110.384707 81.605410 128.164366 99.451978
15 102.209724 71.375608 120.163708 88.464786
16 92.087792 61.819603 110.257303 79.207242
18 79.180248 57.390776 98.037438 74.029586
2 63.586354 53.507378 80.474091 73.915710
4 47.334303 56.980429 66.258063 75.153486
5 33.277337 65.892805 49.521755 86.904468
8 23.541334 77.776509 38.544797 98.220823
9 17.435586 93.608570 34.007687 112.456647
11 18.000552 111.089067 34.493280 129.342834
13 22.509236 123.890928 44.224008 145.455019
14 36.200711 143.859330 54.347596 159.227479
16 52.372410 155.374757 69.280029 170.256961
19 72.462433 158.098610 89.184101 178.482918
3 94.577097 154.832771 107.301340 175.324964
