13 137.478830 166.124590 145.201946 175.251473
8 133.405799 156.940358 145.757447 169.559788
4 141.666666 149.924256 152.166666 160.424256
18 149.600337 147.874642 163.421791 154.874642
10 159.528226 157.719928 169.603237 166.846812
4 154.240990 168.036058 164.718200 178.559366
16 142.535669 169.784164 153.121086 180.469200
14 157.365920 152.190795 168.137718 158.644476
8 157.962346 164.229538 169.252941 171.801196
18 146.050375 170.531309 157.684914 179.440855
13 125.971498 148.212503 162.371498 157.312503
