2 68.064820 110.846829 143.774925 137.353521
2 66.897236 113.867955 141.275324 139.925606
3 68.258121 108.094294 141.714775 146.225142
3 69.295536 106.907571 140.990026 136.485966
5 102.850304 94.561887 166.836641 124.094919
2 49.024405 122.003954 105.816754 151.907967
2 81.910999 148.185951 96.048725 160.805380
2 96.393518 143.651117 114.305875 155.612722
2 108.168205 138.192188 123.069493 150.714168
1 68.131568 119.571188 82.358880 131.471188
1 81.794863 115.761104 96.879631 129.225873
1 91.472561 113.778832 105.622953 126.300813
7 139.400479 108.317172 154.884009 123.033830
7 129.687104 121.502877 146.904827 132.459610
7 124.990133 126.194633 138.053037 145.313733
6 135.899742 104.348888 153.668713 125.821894
7 112.930568 100.312789 126.119567 111.899850
7 120.040769 94.801651 130.597689 110.169800
6 126.659472 85.501320 141.548788 101.887900
7 112.040757 99.174439 126.056724 118.586033
