2 89.693253 86.332267 124.721241 96.141874
2 78.239487 87.366109 109.237713 100.118093
2 88.472907 87.747645 122.801466 100.403419
2 74.027815 89.144520 111.187202 100.251800
2 87.316998 88.111927 120.224444 95.823127
2 85.289663 86.426962 120.401484 100.048299
2 85.962199 88.715316 119.569490 99.225116
2 80.850602 88.509550 116.557464 101.873250
2 82.016131 88.019504 113.523908 99.897804
2 89.781531 84.068808 129.081403 96.028511
2 79.374444 89.179497 111.604864 101.138501
2 89.734614 91.937616 122.642060 100.988616
2 73.961932 85.472157 101.405146 102.439215
2 88.406992 84.032589 117.940024 100.871986
