11 42.654610 87.999979 102.417559 115.311332
11 38.804476 78.654985 115.721705 115.837737
9 40.429510 89.605224 115.577697 113.049911
12 36.820361 81.502361 109.704447 123.753381
12 47.129295 112.951654 112.285694 129.766231
12 53.063392 129.011965 118.329609 148.661902
10 43.645431 61.699301 99.671338 85.622512
11 41.041483 78.175595 102.365153 102.139735
10 47.637037 57.494717 70.423007 75.694717
9 47.874163 70.212206 66.808814 94.632075
10 46.697996 92.973748 66.003948 111.454278
9 67.254528 59.190562 90.936660 75.785139
11 70.276427 74.380914 96.585746 86.464787
10 73.569239 90.377781 96.980819 107.206922
