16 43.758916 71.328049 78.786905 81.137657
15 57.332569 77.210393 88.330795 89.962377
16 47.192726 68.899826 81.521285 81.555599
16 55.731247 78.104930 92.890633 89.212210
16 47.830673 74.186736 80.738119 81.897936
15 48.271304 70.933722 83.383125 84.555059
16 49.581502 72.008086 83.188792 82.517886
16 52.335183 72.458168 88.042045 85.821868
16 54.277088 74.739437 85.784865 86.617737
15 39.185788 69.605236 78.485661 81.564939
16 56.402153 75.376413 88.632574 87.335418
16 49.128525 68.580160 82.035971 77.631160
15 63.684131 79.076191 91.127345 96.043249
15 50.285260 69.675404 79.818292 86.514802
