4 106.254039 135.785672 121.009930 152.701936
4 116.439690 131.834013 132.062121 148.115598
5 131.448622 122.769988 145.521891 140.943045
3 145.185058 116.371341 156.591545 129.221633
5 153.963883 112.848580 167.842654 125.925659
3 102.219511 106.986243 116.196779 124.873948
4 114.201824 101.288748 125.686858 121.333697
3 128.606520 97.773012 143.121724 116.411950
3 141.565988 92.453421 154.819835 114.017511
6 76.433368 111.696450 103.033368 124.996450
19 91.250320 144.896115 114.930920 161.011325
3 115.749875 99.859435 169.934553 127.471751
4 86.259064 113.248340 144.574927 138.487199
4 97.224560 110.553420 159.455540 134.363712
3 65.680024 121.467610 126.038204 148.122815
4 47.654472 130.213209 105.318329 158.387665
