18 33.349881 107.998012 76.141586 128.334537
17 32.821096 106.135857 83.230817 120.615719
18 33.202744 99.960269 75.816591 127.984782
18 34.397638 97.261945 80.883119 123.228171
18 43.815843 120.405569 55.342768 138.402513
17 41.616381 121.720748 52.294800 133.945723
16 38.356267 118.769531 51.543107 138.580891
13 50.440028 97.634993 62.712208 105.461231
17 49.082827 93.843641 58.647661 102.614616
4 41.438994 92.484194 54.998924 101.255169
10 38.946152 98.239987 48.746152 108.039987
16 52.671414 116.171852 81.760180 130.345772
18 66.901135 119.818502 90.010699 134.249371
2 81.753314 119.984814 105.669662 134.054640
19 82.596774 118.035493 108.753259 137.834483
18 93.049168 118.592565 119.454702 140.008447
