11 58.479283 124.570553 105.106850 143.026883
12 58.937383 123.932284 107.257669 146.385198
12 59.346305 129.700931 82.541563 145.856106
12 60.313524 130.815040 85.552383 147.113479
12 59.706984 128.194912 82.817588 147.069396
12 58.497056 131.011331 82.338197 145.677646
8 60.216313 109.575677 79.542176 127.075677
15 68.916129 144.007198 89.504328 163.126298
13 82.474679 111.969829 99.356118 126.039655
12 89.608031 127.370635 105.021403 144.185212
10 93.397495 144.874982 109.612284 154.897457
3 71.387453 102.140531 88.706132 111.965499
18 75.278030 153.441726 100.741757 165.484981
