13 64.824921 99.440188 140.535026 125.946880
13 62.353532 98.507211 136.731620 124.564861
14 62.760545 93.406857 136.217198 131.537704
14 68.999728 96.606513 140.694219 126.184908
15 91.586371 122.786382 155.572709 152.319415
12 55.346560 72.864592 112.138909 102.768605
13 62.183981 96.715478 76.321707 109.334907
12 68.718166 111.900562 86.630523 123.862167
12 77.579767 120.461366 92.481056 132.983346
12 87.281430 77.174733 101.508743 89.074733
12 92.972818 89.442110 108.057586 102.906879
12 97.902698 98.335995 112.053090 110.857975
17 112.419974 143.605911 127.903504 158.322568
17 98.546921 139.409563 115.764645 150.366296
17 90.552337 130.701108 103.615241 149.820208
16 111.321802 137.797410 129.090772 159.270416
17 116.678651 116.108761 129.867650 127.695823
18 122.825892 119.049419 133.382811 134.417567
16 131.201666 125.122377 146.090982 141.508957
17 113.455196 112.356372 127.471162 131.767966
