16 122.787340 151.701052 148.084375 161.104308
17 124.602462 152.810145 145.707201 161.955323
18 135.740025 124.430616 158.183733 138.457541
19 129.794737 125.944009 157.130610 141.033956
16 126.729916 152.386113 152.705482 166.108095
2 161.682220 140.640772 220.545197 167.295978
1 122.303361 141.595221 191.293358 174.584462
1 136.249266 141.917455 202.053101 169.369595
2 101.858295 139.551016 173.785344 174.389644
2 82.075272 145.258277 153.782493 172.835079
19 150.748768 161.801926 172.072297 170.460448
17 150.200430 128.351645 170.478815 140.272215
4 125.194312 126.421358 143.594799 140.315961
