12 114.847582 84.852186 131.681142 100.204384
12 111.814727 72.766998 127.528388 90.709406
13 105.320520 59.022542 118.812865 76.054277
13 100.941702 46.563596 119.013356 66.088452
13 93.704847 92.143497 112.817746 111.249778
14 85.522929 81.269946 103.853001 98.895496
14 76.744190 67.635451 94.295938 85.889218
13 66.550453 57.121905 84.770500 72.410136
8 49.216694 41.981478 84.492983 58.576055
16 85.018737 32.054745 113.972872 45.807563
13 72.657076 74.658803 133.525429 101.157294
12 63.383046 62.884877 127.998244 88.123736
12 59.502478 45.855762 120.341149 69.324038
12 47.890498 28.116858 115.240255 53.855545
