9 81.067107 101.399358 136.755616 111.790221
9 84.129666 90.840157 139.327674 117.458394
9 81.332595 93.968000 134.908896 113.073628
7 81.901444 99.649389 142.998253 115.069673
7 77.665305 118.123971 93.829565 125.855724
1 92.051744 111.647038 104.187676 120.773921
17 104.746395 114.005318 116.978774 123.904813
15 113.244764 119.696623 129.138926 128.551000
11 118.244897 127.755079 133.157782 138.255079
3 114.568631 141.295265 126.203170 150.204811
17 101.037500 144.407784 113.627672 153.614846
15 89.913345 141.575882 103.201136 149.402120
13 81.207279 132.980385 95.155703 143.075929
