6 110.268045 111.709839 134.717994 134.729692
2 113.252287 115.737833 142.693924 126.921954
8 94.235923 121.020894 125.611232 146.983505
18 111.726477 154.612011 137.013826 168.746280
5 134.450028 142.238654 156.195142 161.878888
7 149.251050 117.015166 190.981854 129.179779
6 161.929268 127.497004 178.843215 140.778570
4 152.652460 115.755393 169.575569 126.278701
2 125.622161 150.658393 142.749620 169.257855
13 104.181002 138.123518 121.681002 156.323518
17 129.708080 111.655184 145.308073 127.981849
