12 61.514718 89.014139 109.119864 103.387926
12 56.635373 80.817570 104.899852 98.459931
10 47.995378 84.668843 104.012875 100.074954
12 50.742210 78.509419 109.625484 91.865385
11 82.913311 60.367880 103.997501 68.099633
9 81.430892 71.546392 102.343150 77.318740
2 70.488024 75.935310 83.262617 88.554739
17 55.179496 79.171987 70.674656 88.026364
11 44.388037 68.912666 58.607115 76.738903
5 48.846850 52.036631 65.211298 63.957201
2 63.065378 47.140523 77.707221 56.965491
17 73.297074 48.876500 89.200482 55.137491
