13 125.876634 103.438404 160.904623 113.248011
12 122.202535 89.504666 153.200761 102.256650
12 123.092370 101.178583 157.420930 113.834357
12 117.920659 89.460817 155.080045 100.568097
12 125.396777 101.329874 158.304222 109.041074
12 122.838399 97.784405 157.950221 111.405742
12 122.860552 99.440041 156.467843 109.949841
12 119.643215 94.367364 155.350077 107.731064
13 122.712928 93.905567 154.220705 105.783867
12 125.431890 104.234004 164.731763 116.193707
12 120.635246 91.942975 152.865667 103.901979
13 121.619600 104.093358 154.527046 113.144358
12 122.307948 81.573601 149.751163 98.540658
12 126.469143 96.303576 156.002175 113.142974
