10 145.103229 137.162253 166.113665 155.483007
8 142.375461 153.830191 165.977587 170.156856
6 136.898457 167.819793 154.738375 184.678025
5 126.643048 180.849724 146.978899 199.762682
4 114.741107 189.079968 132.142346 211.004611
19 95.118739 194.795138 114.489468 214.105498
17 79.589476 194.684427 100.923304 212.240338
14 62.474713 183.724694 83.603610 202.741003
12 55.414651 168.568454 75.001868 185.857178
9 50.484234 151.029200 71.508412 167.887433
7 58.919300 133.505434 75.531599 153.217613
6 65.437758 119.024402 81.568636 134.566924
4 77.358044 105.978471 93.022464 127.542561
3 94.837855 99.521487 107.769032 116.437751
17 109.230464 96.613674 127.170736 112.940340
16 125.810384 101.270775 138.268650 118.099917
14 133.444937 101.836898 149.580150 122.883513
12 142.894110 115.935898 160.174897 139.414612
