4 85.001654 59.162476 101.835214 74.514675
4 75.289801 62.748377 91.003463 80.690785
5 63.233310 72.482412 76.725655 89.514147
4 50.069449 74.675889 68.141104 94.200745
5 95.399758 76.022060 114.512657 95.128341
5 85.308650 86.687233 103.638722 104.312783
5 73.593999 97.096037 91.145748 115.349803
4 62.554536 109.826882 80.774583 125.115113
18 40.720285 119.679264 75.996573 136.273841
7 28.640399 90.085404 57.594534 103.838222
5 60.856943 74.175138 121.725296 100.673628
4 47.574141 83.662034 112.189339 108.900893
4 32.384574 92.456374 93.223245 115.924651
4 13.667488 101.638800 81.017244 127.377487
