7 123.715584 89.612382 183.478532 116.923734
7 108.753932 85.688844 185.671160 122.871596
6 111.306721 88.760314 186.454908 112.205000
8 117.096525 80.930391 189.980611 123.181412
8 126.091429 74.515803 191.247827 91.330380
8 130.844977 55.259202 196.111193 74.909138
7 110.657285 115.005955 166.683193 138.929165
8 117.196023 101.283931 178.519692 125.248071
6 133.795278 130.787387 156.581248 148.987387
6 145.971378 115.500140 164.906029 139.920009
6 157.674378 102.615493 176.980329 121.096024
6 117.211518 119.629132 140.893650 136.223710
8 119.536798 108.736506 145.846118 120.820380
7 129.729065 90.103746 153.140645 106.932888
