10 59.227533 127.325407 106.832680 141.699194
10 60.521780 133.509433 108.786259 151.151794
8 62.098009 133.972925 118.115506 149.379036
10 54.010461 139.978214 112.893735 153.334180
9 52.506227 156.892642 73.590417 164.624395
7 58.020891 149.097107 78.933150 154.869455
17 78.960638 144.347699 91.735231 156.967129
15 90.968890 150.433736 106.464050 159.288114
9 97.918342 165.330626 112.137420 173.156864
3 85.959785 174.772177 102.324234 186.692747
17 72.203227 176.072291 86.845070 185.897260
14 61.555502 173.652325 77.458910 179.913316
