10 82.962741 117.057698 152.976739 145.769033
9 87.204428 113.504046 152.758223 139.155522
10 96.706356 100.521730 154.315123 143.952389
11 91.262127 83.276552 146.989969 111.494454
9 92.514654 137.776684 147.078162 173.913230
9 98.262180 160.476224 111.671136 176.712603
9 98.563405 138.528362 114.804348 154.764741
9 125.070915 155.942214 140.090978 176.672144
9 130.693019 134.706450 146.327174 155.305964
9 101.162983 127.341841 116.002776 142.884363
10 99.836997 148.074932 112.436997 162.774932
8 132.499409 127.374314 147.088374 149.298958
8 128.653842 149.435950 145.283655 164.514411
