16 99.894045 144.072776 130.188764 165.892577
16 100.649167 145.126677 130.413575 167.264096
9 63.163782 155.878478 100.051856 173.578892
9 69.600064 155.057374 102.803980 170.981323
11 58.033788 118.114616 132.922612 149.199661
11 63.229349 143.410636 137.667279 163.455586
11 68.408214 160.527037 136.235765 185.512233
10 75.076490 183.672899 145.086898 208.252768
12 73.519992 192.574025 148.849401 212.286204
12 77.699242 176.319856 94.499242 190.319856
4 113.546681 176.649946 130.690283 185.165814
