8 156.776019 17.484801 176.872194 32.367005
8 149.165067 23.022788 173.446947 41.857862
8 145.204419 31.769946 170.389675 46.750600
8 72.964408 180.857134 97.516538 203.268069
7 74.758994 175.709861 100.687996 192.407465
8 79.400560 165.773149 103.801617 187.108800
8 87.058600 142.009534 125.825219 159.340720
8 91.404989 128.830530 137.137776 148.292544
7 96.242826 115.449097 143.245135 136.036715
7 101.745302 97.959638 150.037000 121.480055
7 108.381361 88.577818 153.650368 108.389178
7 114.006664 76.811558 163.429980 95.450496
7 119.179797 63.130054 166.731343 83.321141
