17 64.171036 136.231459 98.003565 146.999154
18 61.898675 129.712133 96.033994 150.640971
19 58.959935 131.155698 97.230159 149.512270
1 76.993639 130.107238 105.455763 145.946430
19 84.768637 129.433731 108.620633 142.341093
1 92.047460 130.955080 115.647578 143.339345
19 66.906991 149.686914 80.308195 159.635783
3 68.105958 120.371488 79.696872 132.021809
14 77.604537 123.903701 88.930356 133.110763
4 75.705731 148.720400 83.915459 156.701628
11 61.618326 132.364800 74.622754 138.818481
9 61.915595 142.933846 74.617266 152.060729
