11 122.578883 42.874478 157.606871 52.684085
10 125.915392 55.039012 156.913618 67.790996
10 125.619417 43.262869 159.947977 55.918642
10 123.688652 57.071478 160.848038 68.178757
11 124.067318 47.410794 156.974764 55.121994
10 124.149769 45.488049 159.261590 59.109386
11 125.624883 47.187093 159.232174 57.696893
11 125.437624 49.912931 161.144486 63.276631
11 126.227707 51.478649 157.735483 63.356949
10 119.452905 39.480097 158.752778 51.439800
10 126.863415 53.814602 159.093836 65.773606
11 128.756508 44.724294 161.663954 53.775294
10 127.377937 58.982110 154.821151 75.949168
10 126.185390 43.483885 155.718422 60.323283
