12 105.344378 87.118782 151.971945 105.575112
13 102.977212 84.007646 151.297497 106.460560
13 127.053757 82.466088 150.249015 98.621264
13 123.867253 81.572119 149.106112 97.870558
13 126.807985 81.305856 149.918588 100.180341
13 127.150848 82.561755 150.991989 97.228070
9 133.414919 100.766104 152.740782 118.266104
16 117.474978 66.871182 138.063178 85.990283
14 113.802645 105.465332 130.684085 119.535158
13 105.321948 88.685827 120.735320 105.500404
11 98.344845 78.915536 114.559635 88.938011
4 126.362908 117.470601 143.681587 127.295570
19 105.347301 66.130128 130.811028 78.173383
