17 144.139311 126.694188 190.766878 145.150517
18 145.155224 124.407422 193.475510 146.860336
17 152.892720 139.014573 176.087978 155.169749
17 153.983077 137.993746 179.221936 154.292185
18 152.997752 137.310189 176.108355 156.184674
17 152.731517 140.514757 176.572658 155.181072
14 138.281902 128.056612 157.607765 145.556612
2 171.870562 139.817016 192.458761 158.936116
18 152.126214 112.929387 169.007653 126.999213
17 170.270532 115.935698 185.683904 132.750275
15 183.830046 123.991547 200.044835 134.014021
8 135.883336 117.099627 153.202015 126.924595
5 179.310295 139.528828 204.774022 151.572084
