3 78.234248 92.578679 153.944353 119.085371
2 77.115750 95.631380 151.493838 121.689031
4 78.481087 89.841969 151.937741 127.972817
3 79.423136 88.653350 151.117627 118.231744
5 112.757523 75.791201 176.743861 105.324233
2 59.422537 104.231227 116.214886 134.135241
2 92.613481 130.208816 106.751207 142.828245
2 107.008623 125.389029 124.920980 137.350635
2 118.691364 119.751668 133.592653 132.273648
2 78.330467 101.838168 92.557779 113.738168
1 91.938776 97.782606 107.023544 111.247375
2 101.572248 95.639962 115.722640 108.161943
7 149.416597 89.330876 164.900127 104.047534
7 139.901882 102.669248 157.119605 113.625981
7 135.359052 107.477897 148.421956 126.596997
6 145.905921 85.403834 163.674892 106.876841
7 122.783887 81.809936 135.972886 93.396998
7 129.830018 76.198228 140.386937 91.566377
6 136.293957 66.745919 151.183272 83.132499
7 121.942561 80.679477 135.958527 100.091071
