12 163.700067 136.960492 180.881359 157.368824
16 152.787667 125.179517 166.824008 144.829453
3 134.608212 122.780736 150.736392 137.761390
5 121.640630 125.247050 136.275163 144.289109
7 110.051870 136.151202 125.957212 153.081944
8 100.915171 146.954060 117.949124 162.746780
10 99.638844 159.531762 113.324515 170.818923
12 100.269197 166.131406 113.642944 182.829010
14 104.016737 177.186855 119.459164 195.561021
16 113.269320 189.505015 130.897216 207.130565
1 132.231524 194.956882 147.720128 210.499404
4 146.199994 189.659614 163.852661 207.819185
5 152.999849 185.419809 173.076086 198.496888
7 163.682473 171.911257 180.714208 188.942992
10 167.296811 157.102774 185.329810 173.623367
