7 114.898653 128.915571 144.215202 144.104930
8 119.226292 121.023776 146.490371 136.846014
6 104.852710 135.102325 140.082953 154.554770
1 87.703953 147.375192 117.178857 160.708970
15 116.147740 95.322475 140.406553 116.645079
4 104.764574 142.482798 134.220664 161.894392
10 124.862107 111.248276 144.475544 130.161234
18 79.047614 148.372913 102.800317 161.654479
15 67.600182 143.701914 92.597632 156.571257
14 59.995297 134.279919 80.063077 145.567079
18 108.717579 94.776828 130.013857 109.887751
1 96.585148 93.236766 114.748242 106.555174
2 79.322953 93.210561 98.922953 112.810561
