16 81.909614 146.749676 96.868607 159.369106
5 97.291185 145.009538 109.295812 158.904141
6 105.529143 135.798278 117.902129 154.278808
7 112.222685 129.210670 124.224577 144.941214
6 117.049894 122.888090 129.662678 137.917728
6 122.771263 115.817229 136.044710 129.904457
5 77.746928 128.339556 91.931124 142.513475
6 85.094348 118.493865 98.339700 136.340433
6 96.558449 114.058876 110.333238 129.411075
6 102.493761 104.324406 115.210116 123.430688
3 113.536958 99.054831 129.459109 112.501392
11 64.175010 139.054123 89.985558 152.335690
6 94.193774 98.574822 148.543719 126.548559
6 85.909285 114.262685 139.127703 137.741399
6 68.384286 134.652647 124.396995 154.377251
6 56.008665 151.204514 106.493643 175.624383
