9 137.625503 130.830049 154.806794 151.238380
12 136.846311 113.940442 150.882653 133.590379
17 125.213168 101.996638 141.341347 116.977292
1 112.384252 95.066203 127.018785 114.108262
3 97.054148 97.139021 112.959490 114.069762
4 83.434118 100.494721 100.468072 116.287441
6 76.426602 109.067161 90.112273 120.354321
8 71.227743 113.986337 84.601489 130.683942
10 66.639063 125.464463 82.081491 143.838629
12 66.345181 141.619868 83.973077 159.245418
15 78.799071 157.152546 94.287675 172.695068
18 92.032712 161.966863 109.685379 180.126434
1 101.309018 164.097026 121.385254 177.174105
4 117.149071 158.672658 134.180806 175.704393
6 129.165437 149.591021 147.198436 166.111615
