12 134.961483 72.028071 149.717374 88.944335
12 137.277798 83.455119 152.900228 99.736703
13 144.110622 97.735053 158.183891 115.908110
12 152.689701 113.939687 164.096188 126.789979
13 153.435933 124.218288 167.314704 137.295368
11 164.004635 71.102070 177.981903 88.989775
12 168.330485 81.297983 179.815519 101.342932
11 168.777480 98.352974 183.292684 116.991912
11 171.511801 109.635998 184.765648 131.200088
15 158.010795 53.774381 184.610795 67.074381
9 123.341051 60.777635 147.021651 76.892845
11 141.462437 99.861667 195.647115 127.473983
13 131.130271 72.191863 189.446134 97.430722
12 130.750197 86.177904 192.981177 109.988196
12 123.990482 50.873683 184.348662 77.528889
12 118.621084 29.607007 176.284941 57.781463
