11 152.586396 112.221142 182.953812 124.642443
12 151.496981 110.144639 177.235668 121.465745
13 144.563868 98.395707 174.955478 117.187143
13 151.199702 97.545855 176.496737 122.141021
12 147.020981 100.437309 160.113573 116.399765
13 158.785214 91.918831 173.861605 112.648761
14 123.371261 139.940237 135.971261 146.240237
10 122.083749 136.196220 133.018098 141.663395
1 129.754522 142.015013 140.220601 148.036640
18 129.590642 128.994924 141.412119 136.436026
19 143.341070 131.358137 162.424419 149.678891
13 159.283839 117.914831 178.986694 132.192086
11 168.949509 150.087341 184.619519 166.681918
16 188.026179 141.542357 203.778965 164.160049
