6 82.318555 86.228698 96.296210 104.602864
7 92.078824 68.967171 106.841031 92.162429
7 99.404353 58.721967 115.861740 78.766916
7 109.502036 43.400586 121.422937 66.542972
8 60.868596 79.189003 76.366762 98.205312
9 67.362096 67.301830 78.687395 86.408112
8 69.972843 54.891249 81.180953 73.104706
9 72.375362 43.134193 85.108137 57.983435
8 75.067984 33.440453 85.582243 46.758861
3 77.065660 10.512704 106.022740 25.361946
12 110.470551 27.035604 135.861407 42.905702
7 53.711006 74.056963 101.465212 100.041959
7 59.369298 59.700369 110.618792 87.081019
8 68.661758 40.164468 121.861758 63.264468
