17 3.174399 93.387611 23.270575 108.269815
17 9.048308 96.253353 33.330188 115.088426
17 15.696443 101.081772 40.881699 116.062427
17 174.557598 156.329506 199.109727 178.740441
17 165.679270 157.410186 191.608273 174.107791
17 158.516588 151.892251 182.917644 173.227902
18 124.372543 141.355778 163.139162 158.686963
17 108.139582 133.546453 153.872368 153.008467
17 94.258000 128.649095 141.260309 149.236713
17 77.115458 122.455419 125.407155 145.975836
16 66.986564 120.184047 112.255570 139.995407
17 51.932630 114.173700 101.355945 132.812638
17 39.642894 110.301283 87.194440 130.492370
