4 60.968357 131.251509 135.852000 148.244029
4 62.922713 126.165850 133.757733 146.686836
4 64.390211 119.649468 130.945451 143.554578
4 61.906804 122.962749 127.021856 142.756943
4 63.710018 121.629268 123.259409 150.009094
4 74.157016 118.379072 142.778441 139.918267
5 73.453981 115.311619 146.820527 140.985906
5 75.884467 105.402835 151.393671 139.656474
5 74.391787 114.297292 142.981072 144.577186
4 73.479969 112.633651 148.078428 139.746594
4 63.441382 133.036974 116.522234 150.979382
3 55.504836 137.383286 106.857639 157.791618
3 51.141483 140.476213 99.698509 161.487876
5 48.953360 141.155619 100.444935 168.338702
5 72.697763 163.199900 82.777524 178.310823
5 82.107589 159.771637 92.760352 168.287505
4 92.022326 150.659666 102.898885 165.376323
5 99.978018 144.349051 114.440140 158.101869
6 91.057410 111.640211 136.557410 128.440211
6 98.800531 102.452557 148.500531 119.252557
6 105.292553 93.562929 155.750246 108.279586
6 54.611706 145.764049 66.594350 157.746119
5 61.965067 132.419010 76.844917 150.833135
4 76.000557 124.974073 89.213798 138.125879
5 84.962917 120.657843 96.296016 129.864905
