1 111.144935 145.926632 128.326227 166.334964
5 128.414314 138.732908 142.450656 158.382845
10 137.676371 126.586218 153.804551 141.566872
12 138.887984 110.130120 153.522517 129.172179
14 132.744291 97.524609 148.649633 114.455350
15 125.495246 86.538022 142.529199 102.330742
17 118.476253 82.486937 132.161925 93.774098
1 109.726251 77.045046 123.099998 93.742651
3 95.879961 76.632367 111.322388 95.006533
5 80.025370 82.643056 97.653266 100.268606
8 70.831025 98.989645 86.319629 114.532167
11 68.349611 113.188196 86.002278 131.347767
12 70.769788 125.577177 90.846024 138.654256
14 79.994813 136.151695 97.026548 153.183430
17 92.242358 145.426283 110.275357 161.946876
