10 112.634143 137.869265 141.673599 163.261237
11 107.096868 110.419375 134.718056 131.667360
7 113.892733 80.013661 146.100341 107.342320
15 115.973277 163.418300 152.109824 190.562532
11 107.038425 121.332037 142.848060 159.948162
11 79.116052 107.324953 141.204120 141.653512
14 86.425494 133.035234 144.169540 167.612683
9 79.450812 90.477107 139.939559 129.639590
4 103.368604 73.356755 144.674298 102.133481
6 110.657846 66.755240 150.400159 98.449088
16 118.779346 154.193001 168.957034 183.957409
