12 129.696767 148.489907 172.488472 168.826431
11 120.084107 151.580259 170.493828 166.060121
13 126.531638 147.301917 169.145485 175.326431
12 119.740050 147.989213 166.225532 173.955439
13 157.457451 147.234032 168.984376 165.230976
12 158.153077 153.165943 168.831496 165.390917
11 158.759079 150.500659 171.945919 170.312019
8 130.436281 163.032149 142.708461 170.858386
11 130.698251 166.703773 140.263085 175.474748
17 130.919690 172.070776 144.479620 180.841751
5 140.442711 171.408345 150.242711 181.208345
11 133.338466 138.489397 162.427232 152.663317
13 132.775430 127.048511 155.884994 141.479381
15 123.393544 114.895369 147.309891 128.965195
13 121.859803 109.904283 148.016288 129.703273
13 116.623049 99.736299 143.028583 121.152181
