15 115.475819 136.987325 163.080966 151.361113
15 108.048220 131.694832 156.312700 149.337193
13 101.248938 137.462505 157.266435 152.868616
15 100.133607 130.181784 159.016881 143.537750
14 120.914100 108.262300 141.998289 115.994052
12 124.403315 118.983329 145.315573 124.755677
4 118.885330 129.505346 131.659923 142.124775
2 105.845212 139.131820 121.340373 147.986198
14 91.333804 135.499375 105.552882 143.325613
8 88.183409 117.762214 104.547857 129.682785
4 98.047946 107.291018 112.689788 117.115986
1 106.986561 103.932756 122.889969 110.193747
