19 89.373098 93.150643 104.332091 105.770072
8 79.223756 100.218351 91.228383 114.112954
9 75.027467 108.059399 87.400452 126.539929
9 73.381338 119.553778 85.383230 135.284322
9 71.821921 128.228958 84.434705 143.258596
9 69.855119 138.230525 83.128567 152.317754
8 102.288678 105.589534 116.472874 119.763453
9 100.625485 114.092879 113.870837 131.939447
9 92.857282 125.996049 106.632071 141.348248
9 92.467579 133.612196 105.183934 152.718478
6 83.730841 149.656931 99.652992 163.103492
13 98.283235 93.293261 124.093783 106.574827
8 61.341276 136.397611 115.691221 164.371349
9 63.131634 122.599239 116.350051 146.077953
9 66.864991 100.465602 122.877700 120.190206
9 73.707491 74.248326 124.192469 98.668195
