8 159.909522 105.332077 171.618796 119.226680
10 161.167001 91.030752 174.440448 111.378971
12 158.751020 77.623332 174.945321 97.335511
16 146.503570 63.311494 162.604670 81.805276
18 131.456042 60.512161 148.777363 78.012161
3 114.667033 63.339269 133.385461 83.249317
7 100.432839 76.615001 120.355649 91.758316
9 94.788422 89.997928 111.552123 104.880132
12 96.416107 107.493224 113.339149 125.118774
17 107.506131 126.226251 123.345323 137.115696
2 122.918745 128.129410 139.041810 144.515990
4 136.774917 122.882254 153.052833 142.532190
6 151.065954 117.892679 163.751414 133.387840
