18 62.331864 102.521138 117.151295 169.988499
18 56.701096 101.594544 114.952706 173.181743
10 53.210582 113.186931 110.764035 174.365669
19 55.472958 111.912315 74.253707 133.623602
19 61.018203 115.083752 80.622304 130.499653
18 74.427515 114.329619 93.264226 129.046277
19 90.804931 114.813222 106.904931 130.913222
18 98.839910 120.309593 118.209359 130.902515
1 58.938310 111.404661 105.333706 157.098096
10 47.956079 113.981014 116.569270 149.687876
9 55.546784 125.825197 107.096203 147.011042
