8 102.635191 190.054454 136.467719 200.822149
8 100.971896 187.043345 135.107215 207.972183
10 99.031373 189.205729 137.301596 207.562301
10 102.087896 177.262245 130.550020 193.101437
10 102.445740 173.186894 126.297736 186.094256
10 104.080344 166.343882 127.680462 178.728146
9 125.627910 198.394319 139.029114 208.343188
11 98.095949 196.256546 109.686862 207.906868
5 100.864542 188.198488 112.190361 197.405550
13 126.490983 193.110850 134.700710 201.092078
1 106.576711 204.960100 119.581139 211.413781
18 118.631575 203.893198 131.333246 213.020082
