7 61.449467 74.154140 73.158741 88.048743
9 56.369863 81.335795 69.643311 101.684013
11 52.990430 95.277992 69.184731 114.990171
15 61.960168 113.038243 78.061268 131.532025
17 74.786660 119.761035 92.107981 137.261035
2 90.665273 117.957385 109.383702 137.867433
6 105.661844 112.520663 125.584654 127.663978
7 117.062832 101.190392 133.826533 116.072596
11 119.235779 81.009059 136.158822 98.634609
16 112.654664 67.154825 128.493856 78.044270
19 98.265229 56.622210 114.388295 73.008789
3 83.806989 55.630045 100.084905 75.279981
5 71.912145 62.022148 84.597605 77.517309
