3 125.370528 102.390311 162.311698 118.922314
2 129.677323 107.572520 161.517706 121.024838
19 130.858467 105.434764 163.586742 125.328143
19 131.710914 102.732219 160.952152 122.417233
9 108.672747 71.699398 137.846880 85.535105
8 106.914645 67.978832 142.915340 83.694416
9 107.054113 67.665569 142.595919 85.780129
8 108.689946 68.324071 141.560146 84.727985
19 149.242177 116.100374 161.025076 126.049244
14 153.790098 107.351007 166.520864 117.250502
6 153.963039 115.907820 162.363039 124.307820
1 147.276494 102.090002 161.655677 112.496250
8 128.588810 72.368990 139.693229 90.311398
8 116.611825 67.025386 128.183721 85.624848
3 97.394149 109.468882 113.631458 128.316958
4 82.267049 116.406848 96.147715 138.542792
9 100.816297 136.679784 117.979530 156.292280
9 105.257248 123.507258 123.784027 138.487912
18 124.302116 109.992900 143.238922 122.036156
8 112.919574 91.193754 130.547955 105.910411
