17 83.257186 101.816541 158.967291 128.323234
17 80.775783 103.171047 155.153871 129.228698
18 81.797167 97.886175 155.253821 136.017022
18 86.090786 97.893579 157.785277 127.471974
1 121.108358 105.912767 185.094695 135.445799
16 62.218712 93.233665 119.011061 123.137678
17 82.222018 122.840338 96.359745 135.459768
16 96.335310 129.136502 114.247667 141.098107
16 109.158798 130.900518 124.060087 143.422499
16 88.645532 91.794295 102.872844 103.694295
16 101.293309 97.074673 116.378077 110.539442
16 110.592990 101.129506 124.743382 113.651487
3 151.362218 125.791558 166.845748 140.508215
3 136.626204 131.376864 153.843927 142.333597
3 128.013666 130.225137 141.076570 149.344238
2 148.691440 120.523011 166.460411 141.996017
3 136.212303 103.093635 149.401302 114.680697
4 144.334694 101.798570 154.891614 117.166719
2 154.475055 99.555344 169.364371 115.941924
3 133.749023 101.110057 147.764990 120.521651
