10 162.447355 124.244125 180.991982 140.206581
8 163.276222 135.865161 181.408543 154.239328
5 155.531429 149.965320 173.233875 170.010269
4 141.467436 161.566543 159.161983 179.726113
19 125.816709 166.961760 148.613759 180.767918
15 109.831668 160.340862 125.419334 178.754987
10 98.852995 144.998290 116.549869 161.399814
8 99.809929 132.406455 113.689928 147.022884
8 101.299624 119.521135 115.155365 134.632058
5 107.805545 104.910339 123.334577 121.071094
3 121.814917 95.771798 137.676452 110.752452
17 140.101791 95.460112 153.405659 110.955272
14 156.056388 101.020325 173.130748 121.832821
