4 121.215243 63.827682 181.125593 95.739995
3 117.716315 61.332509 196.097563 96.377946
3 120.406947 61.878788 193.903614 87.448801
4 121.516392 65.450200 192.199063 94.113777
3 146.100405 54.759619 210.647213 78.290450
3 159.870917 52.159022 214.929870 73.892867
4 138.702528 60.064234 193.865454 82.993909
5 110.542299 78.764793 167.942299 97.664793
5 94.038241 85.756639 157.038241 106.756639
5 92.964647 89.724196 154.591238 113.534488
3 171.076166 42.350432 185.352861 58.080975
3 155.400898 51.983998 170.378373 61.733870
2 145.033412 54.657160 159.637888 68.445561
3 137.510085 60.650950 152.173172 72.385088
2 177.753793 67.182949 193.769892 86.302050
2 161.513657 75.780874 180.456710 89.245642
4 155.355085 79.702817 171.487446 90.924671
5 124.309498 64.367875 140.429436 78.385364
5 111.325066 78.141585 130.925066 92.841585
6 119.369763 71.765472 134.336548 83.160647
5 101.210398 89.663053 120.136409 102.981461
5 137.510293 89.562422 153.610293 109.862422
5 122.301288 104.573965 138.451726 122.129876
