2 120.763457 100.845907 175.582888 168.313268
2 115.842292 101.303253 174.093902 172.890453
12 115.024408 113.868815 172.577861 175.047553
3 110.663822 120.538701 129.444572 142.249988
3 115.784202 121.476907 135.388303 136.892808
3 127.831565 115.923663 146.668276 130.640320
3 143.556345 110.699194 159.656345 126.799194
2 151.914696 112.373508 171.284145 122.966430
3 117.173210 112.724410 163.568606 158.417845
12 105.276356 115.429305 173.889548 151.136167
11 114.652669 127.292295 166.202088 148.478139
