3 100.231843 114.988101 114.209498 133.362267
4 116.674217 106.235604 131.436425 129.430862
3 129.301533 102.815996 145.758921 122.860945
4 145.882953 94.476156 157.803854 117.618541
5 86.377218 97.296329 101.875385 116.312638
5 98.866108 90.078581 110.191408 109.184863
5 108.389772 81.457015 119.597882 99.670472
5 117.928322 73.945688 130.661097 88.794931
4 126.333722 67.051646 136.847981 80.370054
18 139.014240 54.566913 167.971320 69.416155
8 156.930481 86.146878 182.321338 102.016976
4 78.542425 97.607499 126.296630 123.592494
4 90.695715 89.968935 141.945208 117.349585
4 110.564252 80.242453 163.764252 103.342453
