5 43.140950 92.953788 79.982503 121.038026
9 67.477558 106.211302 79.686990 113.246215
4 64.187795 110.854979 76.220728 118.061920
13 67.919127 98.721886 79.209722 108.817430
18 58.588166 111.718817 71.231261 120.147934
11 53.604812 107.065115 66.580078 116.586144
7 52.781373 100.547332 64.763763 109.647332
18 60.863946 96.745625 72.822120 103.780538
13 49.872849 95.643178 84.364624 122.435900
10 50.046969 95.775607 85.765728 121.685065
19 46.074199 97.151480 88.791427 121.661478
17 45.087728 93.322989 83.489382 118.150796
6 47.257096 97.465512 78.535939 123.675815
