6 116.143602 72.710866 127.852876 86.605469
8 120.895472 59.676914 134.168920 80.025133
10 123.000118 46.706177 139.194419 66.418356
14 116.280279 29.204707 132.381380 47.698490
16 103.092468 21.884594 120.413789 39.384594
19 85.867356 19.253486 104.585785 39.163534
5 68.829646 27.497640 88.752456 42.640956
7 59.264251 37.806664 76.027952 52.688868
10 54.656432 54.829922 71.579475 72.455471
15 60.169435 76.159968 76.008627 87.049413
18 73.220161 82.873761 89.343226 99.260341
2 87.494295 82.359916 103.772211 102.009853
4 103.405375 81.823272 116.090835 97.318432
