3 115.405790 137.995947 123.128906 147.122830
16 105.510471 137.221326 117.862118 149.840756
13 99.171439 130.142027 109.671439 140.642027
9 94.734800 121.953021 108.556253 128.953021
18 108.298932 114.019308 118.373944 123.146192
12 118.520191 119.530682 128.997401 130.053990
7 119.067155 131.228389 129.652572 141.913425
5 100.932811 116.442220 111.704608 122.895901
16 113.291590 116.348917 124.582184 123.920575
8 118.824982 128.084297 130.459521 136.993843
4 83.535950 133.320060 119.935950 142.420060
