9 107.187481 92.448147 116.643882 108.968740
12 102.644677 106.166861 118.185807 124.326431
11 104.093401 120.226937 118.628598 136.821514
14 111.891334 130.333737 125.797663 147.148314
15 116.906525 141.898905 134.670583 161.697894
17 129.170837 150.664114 146.950496 168.510682
18 141.205184 156.612554 159.159167 173.701732
1 154.355619 160.067645 172.525130 177.455284
3 167.359858 158.784768 186.217048 175.423578
5 183.920941 150.881508 200.808677 171.289840
7 195.247988 142.767490 214.171748 160.940547
8 205.331653 124.997573 221.576071 146.009237
10 209.650476 110.176956 224.653939 130.621271
12 206.506692 95.202632 223.078792 114.050709
14 198.015493 80.574400 214.508221 98.828167
16 182.330983 69.496944 204.045755 91.061035
17 165.681013 63.289456 183.827897 78.657605
1 147.276889 60.880694 164.184508 75.762899
4 127.143208 62.683634 143.864876 83.067942
6 112.888483 74.909494 125.612726 95.401688
