19 120.259296 114.025616 195.142939 131.018137
1 120.582846 115.115183 191.417866 135.636170
19 120.736457 117.870690 187.291697 141.775800
18 124.839818 120.557050 189.954870 140.351245
1 130.021619 114.273694 189.571010 142.653520
1 109.244452 115.411136 177.865877 136.950331
1 104.926184 113.306845 178.292730 138.981132
2 97.907473 111.926763 173.416678 146.180402
2 109.227972 110.680172 177.817257 140.960065
1 102.727907 113.908359 177.326365 141.021302
19 139.506189 116.100093 192.587042 134.042501
18 150.790086 114.799230 202.142888 135.207562
18 158.872644 114.671779 207.429670 135.683442
2 160.011891 108.775062 211.503466 135.958145
2 186.624062 99.625260 196.703823 114.736183
2 174.550483 103.488311 185.203246 112.004178
18 162.749867 100.172715 173.626425 114.889372
2 149.090416 101.249127 163.552537 115.001945
3 111.450110 122.675544 156.950110 139.475544
3 96.133956 125.251057 145.833956 142.051057
3 84.665495 131.073942 135.123188 145.790600
2 190.134986 126.382798 202.117629 138.364868
2 175.854335 127.092329 190.734186 145.506454
18 160.152033 131.272411 173.365275 144.424217
2 150.956366 134.326654 162.289465 143.533716
