14 158.588619 9.907742 174.667367 25.870198
16 147.544230 -3.246503 161.704635 13.451102
18 132.084776 -11.449468 148.679386 8.262711
2 119.821799 -12.711816 135.612284 6.239965
3 106.807574 -14.261438 125.515394 7.874505
4 93.784731 -7.911828 111.505125 9.644083
4 83.307682 -4.872475 101.906443 13.381291
5 72.846601 3.530896 92.542954 18.946797
8 66.699932 18.689470 85.065372 34.850225
9 57.596677 29.540564 74.696967 48.074047
12 55.772486 47.147908 74.866319 63.308663
15 66.429969 61.749553 84.971082 81.647292
18 83.234942 72.269707 100.983057 88.232163
19 99.293510 74.875829 118.181812 95.284161
3 116.005606 76.949018 137.942427 94.657773
4 131.708834 73.843442 152.736589 88.560100
6 147.186889 60.769231 163.770390 78.588322
6 159.279834 47.764834 173.935354 67.075194
11 167.173318 21.450597 182.597760 45.990564
