8 97.664517 82.684799 132.135519 93.216077
8 101.327310 88.680650 129.545213 102.366321
7 99.623564 83.173400 128.931754 100.338792
8 101.817984 85.458317 130.552110 102.533734
9 102.842529 83.112431 117.626989 99.394016
8 114.749828 85.284756 131.374058 103.444327
10 135.635371 81.307852 147.101107 87.761533
17 137.758835 89.285670 151.979215 95.889456
3 144.293447 87.436589 156.916026 94.471502
10 148.513075 84.681754 159.989399 91.135435
16 145.517526 75.195324 156.623253 84.159698
14 127.270566 61.643801 151.094129 80.124332
8 109.616886 63.980408 134.794205 83.022467
9 108.718890 45.250446 144.866892 60.745607
7 133.627427 20.860264 150.375440 39.695338
10 116.588419 13.676040 138.214839 37.445137
