17 82.692386 77.975039 142.602735 104.158880
16 77.248583 66.084167 136.501010 90.217676
17 66.648793 68.311863 131.109634 99.722678
16 77.923692 62.814263 141.577521 108.604820
17 48.650732 66.883047 121.454098 90.694247
16 102.630396 80.299364 158.981776 108.482515
17 115.425062 88.471917 167.961453 107.384876
17 35.773035 57.734313 101.160014 80.232535
18 75.048927 49.951412 87.708471 64.021238
17 60.793079 43.139279 74.825552 63.487498
17 59.695096 74.582125 77.984068 88.651951
17 50.410787 73.830023 68.610787 89.230023
