6 106.166574 95.877144 137.235851 110.155946
6 113.402478 94.578710 139.752620 109.976683
8 116.083829 91.803991 140.593827 104.452775
7 93.727227 87.387547 139.361644 105.320978
7 91.585449 86.137253 136.237548 104.644785
8 89.955666 83.723190 138.336758 102.369921
3 103.449250 104.289862 123.911019 121.621048
7 117.427284 94.028128 134.239676 112.241584
9 125.190328 80.437993 140.159486 98.971476
6 90.931305 88.446721 113.375307 102.199539
8 96.472092 80.903807 117.472092 94.203807
5 106.250422 69.987510 125.013493 82.232509
