9 111.837274 87.736609 142.010441 101.770331
9 114.998606 89.249644 140.208327 110.957992
9 106.974432 86.746843 148.487442 112.079877
18 130.600690 73.242479 171.585078 82.632926
12 125.688283 124.475541 185.729529 152.025677
12 120.362365 103.790786 176.962423 136.036405
12 106.780701 86.260029 175.421290 118.192614
12 103.533000 68.355247 166.966236 103.193875
10 143.769106 88.381632 169.314098 98.904939
18 131.106807 71.454241 155.097094 82.741402
11 94.914482 52.536890 158.690174 77.116760
