5 183.566143 117.257518 199.644891 133.219974
7 198.118164 105.807576 212.278569 122.505181
9 204.573925 90.559697 221.168536 110.271876
10 207.498002 78.420287 223.288487 97.372068
12 206.803054 65.297835 225.510874 87.433779
12 204.189929 53.821038 221.910323 71.376949
13 201.070925 43.222342 219.669686 61.476108
14 194.246151 34.265926 213.942503 49.681827
17 179.893629 26.014579 198.259069 42.175334
18 169.197205 14.276411 186.297495 32.809894
3 151.877172 13.491901 170.971005 29.652656
6 134.999365 20.830346 153.540478 40.728084
8 125.719588 38.569898 143.467703 54.532354
9 119.172241 52.598257 138.060543 73.006588
12 115.654239 72.089516 137.591060 89.798271
12 119.635492 89.118107 140.663247 103.834765
14 132.427858 101.594332 149.011359 119.413423
14 144.844432 112.805670 159.499952 132.116030
1 167.524234 120.101835 182.948676 144.641803
