15 95.666440 72.823058 109.644095 91.197225
16 109.945696 80.822696 124.707904 104.017954
16 120.774024 90.776018 137.231412 110.820968
16 136.676190 97.295914 148.597090 120.438299
17 101.984869 51.932690 117.483036 70.948999
18 115.834772 56.500774 127.160071 75.607056
17 128.703861 59.723336 139.911971 77.936792
18 141.323411 64.804358 154.056186 79.653601
16 152.862599 67.335435 163.376858 80.653844
12 165.604345 78.174182 194.561425 93.023424
3 149.804847 108.983444 175.195703 124.853542
16 87.347740 57.446167 135.101946 83.431163
16 99.127531 64.391526 150.377025 91.772176
17 119.646006 77.176302 172.846006 100.276302
