18 125.646881 38.204662 143.220227 57.013702
16 141.877003 44.407732 157.370406 61.963643
15 156.775362 52.190240 171.889577 70.132648
12 166.504349 67.429513 183.023977 84.746557
12 174.092050 80.559202 187.201542 94.023971
10 177.208739 94.679066 194.816443 109.659720
9 179.236812 109.250026 194.419188 126.581212
6 171.397051 123.204292 186.139656 143.126641
3 157.119423 139.123915 175.431091 155.953056
18 137.871669 140.352652 155.674430 159.187725
17 117.188289 138.638095 138.906040 157.680154
15 103.133147 128.944323 124.722117 147.318490
15 90.041298 122.626669 112.144657 138.589125
12 82.942313 109.290837 102.338083 127.013421
11 76.103390 95.910466 95.211598 111.903590
10 71.465108 81.485040 90.961123 99.549923
3 111.944052 39.865411 126.581567 56.694552
4 94.756543 41.559344 113.013248 59.115255
7 84.274990 52.540335 97.223815 68.533459
10 76.615734 66.386113 91.828173 84.866643
