13 27.937672 111.508542 46.482299 127.470998
11 22.357781 98.838020 40.490102 117.212186
8 23.769458 81.120810 41.471905 101.165760
6 32.289896 66.604497 49.984444 84.764068
3 40.396525 60.512911 63.193575 74.319069
17 63.653176 54.184763 79.240842 72.598888
13 78.314346 66.090019 96.011219 82.491543
11 86.576617 78.914152 100.456616 93.530581
10 90.379290 90.813339 104.235031 105.924262
7 88.564119 106.143005 104.093152 122.303760
5 79.404767 121.386312 95.266301 136.366966
2 65.168121 128.096579 78.471989 143.591740
16 43.642448 125.185707 60.716808 145.998204
