19 108.290622 157.444500 129.301058 175.765253
17 91.351261 156.736345 114.953387 173.063010
15 80.125020 147.864935 97.964938 164.723168
14 64.979101 137.586168 85.314953 156.499126
12 56.945129 122.543197 74.346369 144.467840
9 51.878298 105.138624 71.249028 124.448983
7 52.138427 91.487592 73.472255 109.043503
4 62.769351 73.721317 83.898248 92.737625
3 79.694451 67.034988 99.281668 84.323713
18 96.801274 63.348798 117.825453 80.207030
16 114.992842 68.430929 131.605141 88.143108
15 131.687328 77.081664 147.818207 92.624186
13 141.750209 85.931294 157.414628 107.495385
12 151.615176 104.519190 164.546353 121.435454
8 152.017856 121.764466 169.958128 138.091131
7 149.609745 135.264375 162.068011 152.093516
5 144.931493 142.580539 161.066705 163.627154
2 128.871082 151.117639 146.151869 174.596353
