6 75.592198 123.877823 135.355146 151.189175
6 73.475398 119.166779 150.392626 156.349531
5 71.997692 129.445283 147.145879 152.889969
7 68.857754 117.609035 141.741840 159.860055
7 64.034098 148.129491 129.190496 164.944068
7 55.855250 163.305484 121.121466 182.955421
5 96.635368 105.155990 152.661275 129.079200
7 82.353290 116.832267 143.676959 140.796407
5 109.322286 94.091444 132.108256 112.291444
5 98.862294 100.979214 117.796945 125.399083
5 83.981275 117.243450 103.287227 135.723980
5 122.431166 109.714197 146.113298 126.308775
6 115.036803 124.181632 141.346122 136.265505
6 104.800338 136.102061 128.211918 152.931202
