7 37.564191 68.267945 80.126263 94.308208
16 84.202076 43.531907 127.443723 70.617739
3 65.835193 44.820761 95.967734 76.354749
13 43.758946 98.560053 75.328869 114.556933
14 87.285492 64.659636 137.811723 82.057431
17 78.492641 45.171686 115.698151 71.725759
17 60.085876 101.638727 81.864765 122.427667
3 86.027740 93.867181 109.631994 126.135586
6 101.401374 85.886155 124.880087 112.495364
9 110.160158 74.139459 135.754656 96.473738
3 49.191750 59.675823 138.543308 110.852478
9 43.700762 60.975690 135.474817 108.172512
13 40.877717 73.262514 145.177717 104.762514
17 55.381670 64.835967 144.302840 110.641862
