2 25.595155 75.748344 72.222722 94.204674
2 23.220463 74.852538 71.540748 97.305452
2 34.880147 65.601490 58.075406 81.756666
2 32.407327 67.334498 57.646186 83.632937
3 35.023109 64.577460 58.133712 83.451945
2 34.069992 65.745968 57.911133 80.412282
17 56.226549 66.582063 75.552412 84.082063
5 19.398651 70.108079 39.986851 89.227179
3 53.848637 89.034074 70.730077 103.103900
2 37.082112 91.664363 52.495484 108.478940
18 22.127250 97.246313 38.342039 107.268788
11 66.978049 82.057028 84.296728 91.881997
8 9.896990 81.539380 35.360718 93.582635
