6 35.909289 123.506207 71.780447 154.833807
5 34.005580 128.278599 71.636684 160.895034
13 56.260155 132.749337 67.603580 141.956400
9 56.363527 138.835958 69.232870 145.765605
19 50.883955 128.641452 60.651456 137.605826
8 40.790122 133.527777 51.227876 139.549404
13 43.458841 138.446968 51.858841 146.846968
17 46.463749 144.362142 58.185181 152.343370
3 53.673674 143.213973 67.900655 151.040210
4 46.542832 128.722983 59.197593 136.454735
13 33.450880 124.952915 75.519727 151.635681
4 38.360259 127.035353 74.822614 150.876494
16 40.255875 129.483165 74.330718 151.718497
7 40.287654 129.566849 72.839500 151.802181
