9 122.197080 119.322351 135.360830 131.242922
10 109.238454 132.121672 118.545365 144.042242
6 103.390911 142.766922 119.040251 154.054083
3 93.929564 146.734708 109.220139 163.373518
16 76.036902 149.435372 94.007402 161.660346
11 70.725116 135.700788 88.568911 149.147349
7 73.061378 125.372783 89.283317 138.449863
3 83.838196 116.315279 98.428453 128.837260
16 99.724197 113.513599 114.035637 129.989642
5 108.414123 114.242359 123.310258 122.671475
9 121.533078 125.653602 132.904547 134.780486
