3 114.627389 160.656639 165.899702 181.026500
3 117.350227 160.827744 168.569950 179.070011
3 118.406477 154.604616 171.831658 178.503656
3 119.751802 161.209685 171.655751 187.517284
4 147.319970 171.052463 162.806499 193.496171
5 150.982371 171.884393 163.550457 186.041017
13 149.673737 166.804408 167.984898 173.143177
4 124.639605 136.719221 147.739605 159.819221
12 144.528881 148.950611 160.793754 158.850106
3 97.693135 169.515090 124.598129 199.817895
3 77.849989 172.540730 102.985232 211.269143
