9 56.472126 123.409717 131.355769 140.402237
9 61.121695 123.681359 131.956714 144.202346
9 67.433935 124.502793 133.989175 148.407903
9 69.192546 123.277090 134.307598 143.071284
10 70.292034 116.360599 129.841425 144.740425
9 61.510861 135.622793 130.132286 157.161988
10 58.864708 135.481974 132.231253 161.156261
10 59.956481 137.449939 135.465686 171.703577
10 61.165037 131.240804 129.754322 161.520697
9 59.366912 136.494143 133.965370 163.607086
9 70.920999 114.962177 124.001851 132.904585
8 72.987492 103.378737 124.340294 123.787069
8 75.372952 96.463459 123.929979 117.475123
10 71.433278 90.448081 122.924854 117.631164
10 77.786289 88.771228 87.866050 103.882151
10 76.624613 103.836894 87.277376 112.352762
9 74.874622 112.311866 85.751180 127.028523
10 72.225718 124.644453 86.687839 138.397271
11 76.789804 147.874242 122.289804 164.674242
11 75.635476 161.305761 125.335476 178.105761
11 78.650722 173.937070 129.108414 188.653727
11 102.384000 88.976819 114.366643 100.958889
10 103.267861 98.975596 118.147712 117.389721
9 103.623359 118.207874 116.836600 131.359680
10 104.402002 130.372281 115.735101 139.579343
