7 56.630222 88.426034 112.318731 98.816898
7 53.391654 81.646803 108.589661 108.265039
7 57.377901 87.227651 110.954201 106.333279
5 50.862539 83.982469 111.959348 99.402753
5 103.424737 83.211497 119.588998 90.943250
17 91.836106 83.713193 103.972037 92.840077
15 80.752200 76.389501 92.984580 86.288996
13 70.982794 68.522212 86.876957 77.376590
9 70.273467 57.811401 85.186352 68.311401
19 81.266551 48.448272 92.901090 57.357817
15 94.170260 49.699412 106.760432 58.906475
13 102.742261 57.385102 116.030052 65.211340
11 107.730816 66.126024 121.679240 76.221568
