5 139.534169 118.168882 164.831204 127.572138
6 142.465483 118.882711 163.570222 128.027889
7 121.114517 96.833254 143.558224 110.860180
8 119.462699 100.276063 146.798573 115.366010
5 143.278390 112.887012 169.253956 126.608994
9 138.576452 56.105933 197.439429 82.761139
8 126.237881 86.726533 195.227878 119.715774
8 129.539610 77.018816 195.343445 104.470957
9 117.532679 103.380033 189.459728 138.218661
9 113.129311 126.496081 184.836532 154.072883
8 159.175933 97.149003 180.499461 105.807525
6 129.264152 86.171207 149.542537 98.091778
11 120.864334 109.408635 139.264821 123.303238
