11 78.527594 142.915026 95.808463 155.299290
12 80.139395 150.667428 97.515641 166.397971
16 94.821963 162.774062 109.055339 181.995404
18 105.774387 167.543374 120.716297 184.137952
2 119.811949 165.753221 134.070686 185.063581
6 130.722750 159.687788 146.191832 175.848543
8 138.093072 145.415649 155.691917 162.576360
13 133.082887 120.347734 149.512465 134.521654
11 93.414030 116.251124 132.429791 138.052500
3 92.463159 111.843284 126.872413 144.653801
7 92.986979 85.623109 127.666617 123.377711
