4 58.425366 126.334987 70.134640 140.229590
6 48.962319 130.280744 62.235766 150.628962
8 39.411346 141.727279 55.605647 161.439458
12 39.284678 161.669117 55.385778 180.162900
14 47.615499 173.971256 64.936821 191.471256
17 61.834754 180.020185 80.553183 199.930233
3 78.676761 182.821998 98.599571 197.965313
5 94.308659 177.444128 111.072360 192.326332
8 105.048532 160.522051 121.971575 178.147601
13 107.386560 145.339663 123.225752 156.229107
16 98.319218 129.029393 114.442283 145.415973
18 85.244054 121.210988 101.521970 140.860925
2 72.926146 120.670475 85.611607 136.165636
