13 88.152797 44.175139 121.985326 54.942834
13 87.607145 36.562163 121.742464 57.491001
14 84.830338 37.318445 123.100561 55.675017
15 100.376133 46.606084 128.838257 62.445276
14 107.976356 50.613373 131.828352 63.520735
14 112.059191 56.965392 135.659309 69.349656
14 83.726040 48.011620 97.127244 57.960489
16 105.649335 27.962902 117.240249 39.613224
9 110.479647 37.610228 121.805465 46.817290
18 91.978600 52.201903 100.188327 60.183131
6 94.128969 32.740728 107.133396 39.194409
4 85.672605 39.630456 98.374276 48.757339
