7 95.193221 82.091968 142.798368 96.465756
7 97.233642 72.832342 145.498121 90.474703
5 88.270688 71.879482 144.288186 87.285593
7 95.072553 71.775002 153.955827 85.130968
6 138.654581 72.144888 159.738771 79.876640
4 129.738181 78.167700 150.650439 83.940048
14 118.408586 67.724608 131.183179 80.344037
12 107.393820 59.449465 122.888981 68.303842
6 109.484707 44.324205 123.703785 52.150443
18 123.502860 37.506355 139.867308 49.426925
14 137.271556 45.420357 151.913399 55.245326
11 143.364640 55.733769 159.268049 61.994759
