6 166.206765 81.270617 202.077923 112.598217
6 166.160860 75.176962 203.791965 107.793397
13 170.451975 94.429150 181.795400 103.636212
9 168.650534 90.653193 181.519877 97.582839
19 177.547942 98.562021 187.315444 107.526394
8 186.846398 96.279949 197.284152 102.301577
14 186.003259 89.043685 194.403259 97.443685
17 179.480632 83.713587 191.202064 91.694815
4 169.813088 85.311343 184.040069 93.137581
4 179.018704 99.611665 191.673465 107.343417
13 162.498437 84.490561 204.567284 111.173327
4 163.173743 85.323654 199.636098 109.164795
17 163.608659 84.507147 197.683503 106.742479
8 165.096512 84.398047 197.648358 106.633379
