1 90.773142 59.786051 127.601392 81.034036
19 95.642143 60.342794 131.451778 77.193442
1 94.263986 58.512968 130.210196 76.840637
19 93.929597 58.720678 129.691309 78.354310
15 72.968981 98.054765 110.075584 109.261551
16 72.416639 96.678195 111.579121 107.797514
14 73.699323 87.894211 109.461034 110.066998
18 109.425513 51.984889 123.987867 69.540799
18 106.894675 61.970309 120.228778 83.259978
15 84.114929 94.546439 97.367067 114.566928
15 90.148856 86.043899 106.477897 102.564493
16 66.461220 61.660492 97.266311 77.312968
19 44.284899 55.601935 64.584899 75.901935
16 46.714958 39.762860 68.061197 56.357437
