17 71.726381 123.502053 127.414889 133.892917
17 74.266347 118.329803 129.464354 144.948039
18 75.893625 118.516018 129.469926 137.621646
16 68.073347 124.480957 129.170156 139.901241
15 77.326851 100.893712 93.491112 108.625465
10 84.464948 112.853935 96.600880 121.980818
8 81.008989 125.049399 93.241369 134.948894
5 73.475844 135.616552 89.370006 144.470929
2 64.861378 138.832245 79.774263 149.332245
12 54.051247 133.652299 65.685786 142.561844
8 50.999781 120.297432 63.589953 129.504495
6 54.732396 110.411610 68.020187 118.237848
4 62.291051 101.303157 76.239475 111.398700
