18 87.158717 130.986004 104.340009 151.394336
3 105.853253 128.112979 119.889595 147.762916
8 118.512119 119.127629 134.640298 134.108283
10 123.441461 103.283361 138.075994 122.325420
13 121.021230 89.717693 136.926572 106.648434
13 116.990770 77.394716 134.024724 93.187436
15 111.899549 71.308481 125.585221 82.595642
18 104.161313 63.654806 117.535059 80.352411
1 90.641425 59.911648 106.083853 78.285815
4 73.831030 61.909633 91.458926 79.535183
7 61.025177 75.078198 76.513781 90.620720
9 54.577919 88.386172 72.230587 106.545742
10 54.325559 101.379620 74.401795 114.456699
13 60.039461 113.520069 77.071196 130.551804
16 69.518329 125.786812 87.551328 142.307405
