4 115.903934 104.505382 175.666883 131.816735
4 101.291564 97.253985 178.208792 134.436737
3 105.519629 101.668366 180.667816 125.113053
5 109.898790 95.956545 182.782876 138.207566
5 127.772667 94.670797 192.929066 111.485374
5 140.801465 80.208387 206.067681 99.858324
4 92.995699 119.260415 149.021607 143.183625
5 105.154309 111.967862 166.477978 135.932002
3 108.800529 136.569931 131.586499 154.769931
3 125.691987 128.039355 144.626638 152.459223
3 143.729367 123.223108 163.035319 141.703639
3 100.359023 118.946302 124.041155 135.540879
5 108.770776 111.634608 135.080095 123.718482
4 125.921712 99.551990 149.333292 116.381132
