7 38.221477 48.117960 56.766103 64.080416
5 45.463301 36.168910 63.595622 54.543077
2 60.896691 27.929017 78.599138 47.973967
18 78.546774 28.517701 96.241322 46.677271
15 88.485014 35.790255 111.282064 49.596413
11 105.400714 48.493285 120.988380 66.907410
7 102.765225 68.559323 120.462099 84.960847
5 97.517523 80.920245 111.397523 95.536674
4 88.905804 90.028922 102.761545 105.139846
1 73.849425 96.583870 89.378457 112.744625
17 56.496530 96.712294 72.358065 111.692948
14 43.983575 86.502002 57.287443 101.997163
10 32.496530 66.708124 49.570890 87.520620
