9 90.577989 153.901142 100.034389 170.421735
11 89.542525 138.604671 105.083655 156.764242
11 89.563692 126.084670 104.098888 142.679248
14 82.755746 115.502924 96.662075 132.317501
15 74.342752 100.718954 92.106811 120.517943
17 62.342147 93.482620 80.121806 111.329189
18 50.335241 87.871929 68.289225 104.961107
1 37.103144 83.657868 55.272655 101.045507
3 23.361519 85.222723 42.218708 101.861533
4 8.569336 88.809188 25.457072 109.217520
7 -5.108395 98.722021 13.815365 116.895078
8 -13.078020 113.338210 3.166398 134.349873
