19 78.627677 75.273857 103.924712 84.677112
2 80.477174 74.413630 101.581913 83.558808
3 82.551814 100.339816 104.995522 114.366741
4 82.113680 96.287763 109.449553 111.377710
19 73.158016 72.792071 99.133582 86.514053
5 14.843425 96.594977 73.706402 123.250183
4 37.437145 72.700991 106.427143 105.690231
4 29.555526 83.764525 95.359361 111.216665
5 52.962541 63.257552 124.889590 98.096180
5 69.262071 55.143827 140.969291 82.720629
4 53.255449 80.208427 74.578977 88.866949
2 70.615083 105.598233 90.893469 117.518803
7 94.494755 92.455579 112.895242 106.350182
