4 22.139055 103.087972 38.217803 119.050428
6 8.421418 112.321215 22.581823 129.018820
8 -1.862799 123.677214 14.731812 143.389393
10 -5.277590 136.244817 10.512895 155.196598
11 -8.701045 146.040111 10.006774 168.176055
12 -6.556538 162.346278 11.163856 179.902189
12 -5.401974 172.471087 13.196787 190.724853
13 -0.793690 184.864550 18.902662 200.280450
16 13.983903 193.897687 32.349343 210.058442
17 24.780451 204.389526 41.880741 222.923009
2 39.811508 209.242213 58.905341 225.402968
5 58.110449 200.010319 76.651563 219.908058
8 69.778831 187.303897 87.526946 203.266353
9 76.851970 169.543481 95.740272 189.951813
11 79.206831 153.059583 101.143652 170.768338
12 77.777556 138.739535 98.805311 153.456192
14 70.953616 122.132830 87.537117 139.951921
14 61.777605 108.298603 76.433125 127.608963
19 39.491208 93.416252 54.915651 117.956219
