8 13.099190 122.999119 29.177938 138.961574
10 9.280336 139.506226 23.440741 156.203831
13 9.659270 153.655546 26.253881 173.367725
14 15.176373 165.737777 30.966858 184.689558
15 19.705653 174.028874 38.413472 196.164818
16 30.640658 185.813995 48.361051 203.369906
16 38.275680 192.324104 56.874441 210.577870
17 48.818921 198.642271 68.515273 214.058172
3 66.305547 196.109919 84.670987 212.270674
3 82.270561 197.069040 99.370851 215.602523
6 95.775469 190.507212 114.869302 206.667967
9 104.822818 171.257613 123.363932 191.155351
12 104.099262 154.755577 121.847378 170.718033
13 99.104087 135.791945 117.992389 156.200276
15 88.807486 121.137546 110.744307 138.846301
16 77.463999 111.932925 98.491753 126.649582
18 62.981683 104.953941 79.565184 122.773032
18 47.706028 100.982659 62.361548 120.293019
5 22.743731 103.478383 38.168173 128.018350
