8 85.484166 90.085428 115.851583 102.506729
8 89.222632 94.692210 114.961318 106.013316
9 86.395023 100.186917 116.786633 118.978353
9 86.630973 93.337308 111.928008 117.932473
9 100.579461 104.448088 113.672054 120.410544
10 85.548150 100.261889 100.624541 120.991819
11 139.750205 93.215884 152.350205 99.515884
7 140.095362 98.276345 151.029712 103.743520
16 137.412738 88.836284 147.878816 94.857911
15 129.599416 98.171030 141.420892 105.612132
15 115.641081 76.720456 134.724430 95.041209
9 93.277944 82.860534 112.980799 97.137789
8 107.032624 49.581922 122.702633 66.176499
13 87.943763 40.798646 103.696550 63.416338
