11 82.857899 136.827575 112.174447 152.016934
12 81.543811 128.585974 108.807890 144.408212
10 79.817387 145.625000 115.047630 165.077445
5 73.276269 168.615048 102.751174 181.948827
1 64.784359 111.198944 89.043172 132.521548
8 85.156266 153.195979 114.612357 172.607573
14 81.465819 119.572199 101.079256 138.485157
4 67.939042 176.788722 91.691745 190.070288
1 55.889246 180.216963 80.886696 193.086307
18 44.075382 179.657068 64.143162 190.944229
4 57.091944 117.235739 78.388223 132.346662
5 46.598440 125.071230 64.761534 138.389638
6 35.208766 134.950461 54.808766 154.550461
