4 129.435123 38.601730 146.616415 59.010062
8 120.459589 52.854695 134.495930 72.504632
12 116.803583 72.772020 132.931762 87.752674
15 123.685268 83.805449 138.319801 102.847508
17 134.159826 94.532590 150.065168 111.463331
17 144.797798 102.362904 161.831752 118.155624
1 157.079473 106.285868 170.765144 117.573029
4 166.413130 101.975813 179.786876 118.673418
5 176.601101 94.941815 192.043529 113.315982
8 186.102414 83.592329 203.730309 101.217878
11 189.368984 66.337166 204.857588 81.879688
13 182.493746 50.576430 200.146414 68.736001
15 173.575082 45.992156 193.651318 59.069235
17 162.535692 36.328037 179.567427 53.359772
2 146.581803 34.335157 164.614802 50.855750
