11 92.142353 103.723895 167.797426 126.145445
11 84.315247 94.938472 177.699025 141.814498
11 93.425469 97.281057 175.942376 133.918476
12 93.859489 103.706991 156.734921 133.933914
13 98.849312 120.831020 166.073878 146.740478
13 111.800641 141.855075 174.833316 163.566362
10 89.176675 68.488474 150.189301 91.375370
11 89.750761 89.306107 155.979322 118.311796
10 83.513176 81.367593 155.337901 105.857591
10 95.698825 77.369257 109.968626 87.704633
10 97.223096 86.771039 109.633521 99.922844
10 98.500027 101.451491 113.972314 113.696490
9 99.477566 112.389733 115.798651 124.432989
11 116.241468 68.260189 137.539771 84.420944
11 117.670060 80.455297 138.770934 90.647451
11 121.220596 92.355087 139.329083 99.894318
11 121.445159 97.837291 141.015088 112.915752
