16 86.777371 26.722669 122.648529 58.050269
15 80.390827 25.818353 118.021932 58.434788
5 101.966184 45.538339 113.309609 54.745401
19 96.424034 48.223563 109.293378 55.153209
11 106.084331 38.966915 115.851833 47.931289
18 101.009338 31.249822 111.447092 37.271450
5 96.208898 32.544543 104.608898 40.944543
9 89.547252 38.168240 101.268683 46.149468
13 90.685994 46.455497 104.912974 54.281735
14 104.767024 36.639504 117.421785 44.371257
5 84.634844 29.557414 126.703692 56.240180
14 87.076021 33.155943 123.538375 56.997084
8 86.738557 34.882804 120.813401 57.118136
17 87.315629 34.171833 119.867475 56.407165
