7 28.365381 57.604981 59.173335 72.308789
7 21.659751 55.456396 53.438518 79.469401
7 18.254312 57.216162 52.036112 83.963711
16 49.151292 44.510943 80.682388 63.417606
14 20.951324 91.991444 49.169226 106.264191
11 15.814008 82.784159 49.421298 101.607981
4 36.875847 42.835536 59.084685 58.566080
2 45.600117 40.893079 66.526881 51.827429
11 66.714753 58.396560 81.462074 71.988102
11 73.151081 69.875172 86.595338 84.441228
19 57.939278 106.589180 75.614471 116.611655
17 43.611050 101.963005 60.411050 115.963005
17 31.101990 95.424054 48.601990 115.024054
9 12.325276 74.956768 44.517836 98.570747
