2 106.937794 76.759114 182.592866 99.180664
2 94.631626 65.569122 188.015404 112.445149
2 102.841780 74.365213 185.358687 111.002631
3 109.441831 68.183743 172.317264 98.410666
4 92.301968 77.506866 159.526534 103.416324
4 75.472944 90.461335 138.505619 112.172622
1 149.261765 66.239540 210.274392 89.126436
2 122.776768 66.362197 189.005329 95.367886
19 130.175045 65.180540 201.999771 89.670537
1 170.028154 55.666038 184.297955 66.001414
1 160.147846 54.852406 172.558271 68.004212
19 144.389866 58.113671 159.862153 70.358670
18 133.128096 59.616481 149.449181 71.659736
2 172.710282 76.810242 194.008585 92.970997
2 163.598189 81.124420 184.699063 91.316574
2 154.521054 84.505224 172.629541 92.044455
2 144.538514 81.690893 164.108443 96.769355
