18 104.216420 106.970491 119.175413 119.589920
7 117.829300 99.457404 129.833927 113.352007
9 122.354370 87.334985 134.727356 105.815516
9 125.073023 78.743014 137.074915 94.473558
8 126.599197 70.876492 139.211981 85.906129
9 128.566154 61.954704 141.839601 76.041932
8 93.028066 92.135382 107.212262 106.309301
9 96.346167 80.133338 109.591518 97.979907
9 104.309979 71.273912 118.084767 86.626110
8 106.418088 59.990907 119.134443 79.097189
6 112.853476 50.135715 128.775627 63.582276
13 84.522692 105.166867 110.333240 118.448433
8 96.389269 49.074777 150.739214 77.048514
9 94.614118 67.243662 147.832536 90.722376
8 86.424066 92.715035 142.436774 112.439639
8 83.454170 113.894389 133.939148 138.314258
