7 17.450890 102.223250 53.322049 133.550850
6 16.311018 107.085403 53.942123 139.701838
14 37.470158 110.358572 48.813583 119.565635
10 38.253714 116.276471 51.123058 123.206117
2 31.565351 107.149731 41.332853 116.114105
9 22.041759 113.360971 32.479513 119.382599
14 25.544543 117.991102 33.944543 126.391102
18 29.298138 123.201418 41.019570 131.182646
4 36.255126 120.887397 50.482106 128.713635
5 27.178000 107.639719 39.832761 115.371472
14 14.864373 103.589349 56.933221 130.272115
5 19.845336 105.372231 56.307691 129.213372
17 21.963048 107.706355 56.037892 129.941687
8 22.013576 107.890782 54.565422 130.126114
