15 42.467931 96.642601 77.495920 106.452208
14 54.091149 104.936632 85.089375 117.688616
14 46.048803 94.933909 80.377363 107.589683
14 52.435676 106.162080 89.595062 117.269359
14 46.055459 100.132348 78.962905 107.843548
14 46.523571 97.234028 81.635392 110.855365
14 47.927761 98.446238 81.535052 108.956038
14 50.161719 99.703806 85.868581 113.067506
15 51.761562 101.910180 83.269339 113.788480
14 38.102984 94.388142 77.402857 106.347845
14 53.670536 103.089113 85.900956 115.048117
15 48.430557 94.944252 81.338003 103.995252
14 59.431672 107.729533 86.874886 124.696590
14 48.478508 95.792286 78.011541 112.631684
