6 80.036964 86.962500 89.493364 103.483093
9 69.932909 98.939229 85.474039 117.098800
9 66.118487 112.313339 80.653683 128.907917
12 69.329496 124.531989 83.235825 141.346566
13 68.690745 137.772418 86.454803 157.571407
14 76.936080 150.713535 94.715739 168.560104
15 85.830553 160.955459 103.784537 178.044637
17 96.518705 169.304415 114.688216 186.692054
19 109.109392 173.368794 127.966582 190.007605
2 126.783845 172.030143 143.671581 192.438475
4 140.736615 169.473596 159.660375 187.646653
6 156.513869 156.420024 172.758287 177.431687
8 166.440408 144.245183 181.443871 164.689498
10 169.646974 129.602775 186.219075 148.450852
11 167.665753 112.827757 184.158481 131.081524
13 156.702105 97.391109 178.416877 118.955200
15 145.153474 84.720656 163.300359 100.088804
17 129.297762 75.089520 146.205381 89.971724
1 108.992615 68.627255 125.714284 89.011563
4 91.231859 73.526207 103.956102 94.018400
