7 87.993167 34.450602 106.537794 50.413058
5 93.671356 21.626928 111.803677 40.001094
3 107.926134 11.341095 125.628581 31.386045
19 125.355218 9.477357 143.049766 27.636928
16 135.881117 14.962118 158.678166 28.768276
12 154.755847 25.666566 170.343513 44.080691
8 154.788346 45.767133 172.485220 62.168657
5 151.206377 59.012387 165.086376 73.628817
5 143.980677 69.230221 157.836418 84.341145
2 130.048010 77.695273 145.577042 93.856027
18 112.798128 80.220108 128.659663 95.200762
15 99.034199 72.026124 112.338067 87.521285
11 85.255838 53.735316 102.330198 74.547813
