6 129.337486 161.619961 146.910832 180.429001
4 117.773953 172.394914 133.267356 189.950824
3 103.551416 180.701719 118.665630 198.644127
18 84.681403 182.268345 101.201032 199.585389
18 73.753374 183.466628 86.862866 196.931397
16 55.987910 179.645432 73.595615 194.626086
14 43.283457 171.059202 58.465833 188.390388
12 34.582697 155.000903 49.325302 174.923253
8 26.912504 138.436181 45.224172 155.265322
6 35.298395 119.567148 53.101155 138.402222
5 44.366394 104.242199 66.084146 123.284258
3 60.298314 97.638000 81.887283 116.012166
3 73.100361 91.717303 95.203720 107.679759
18 89.484336 90.006987 108.880106 107.729572
17 105.434910 92.223142 124.543119 108.216265
16 119.007112 94.273812 138.503127 112.338695
9 138.043926 149.260557 152.681440 166.089699
10 142.391076 134.656130 160.647780 152.212041
13 143.067533 118.925028 156.016358 134.918151
16 132.363401 104.314551 147.575840 122.795081
