10 87.174324 68.408107 152.029239 91.838562
11 93.327669 49.066072 145.132399 76.370146
9 89.175114 53.913954 154.067795 79.131208
11 90.242616 51.259283 153.203715 85.495252
10 91.159248 30.360841 148.734243 54.528588
10 92.997239 56.773919 147.707296 74.770864
10 93.018605 72.821430 147.123243 99.868980
11 95.152148 100.094648 154.451267 116.331027
11 94.121748 114.125307 153.966170 133.837486
11 104.227472 101.958449 119.093905 116.115073
11 106.218493 118.236337 122.318493 129.436337
12 102.998063 109.631176 120.531926 120.853029
10 131.936067 100.656845 143.470816 112.201541
10 133.118769 111.198812 145.382466 119.857334
11 133.098239 116.213647 145.698239 121.813647
