9 118.940548 144.946982 136.121840 165.355314
13 116.074348 128.472691 130.110690 148.122627
18 102.780016 117.925574 118.908195 132.906229
2 89.455165 112.686127 104.089698 131.728186
4 74.358553 116.542197 90.263895 133.472938
5 61.175451 121.468218 78.209404 137.260938
6 55.002819 131.051580 68.688490 142.338741
9 50.773054 136.566514 64.146800 153.264118
11 47.711860 148.386000 63.154288 166.760166
13 49.335256 164.326420 66.963152 181.951969
16 63.470318 178.363692 78.958922 193.906215
19 77.343438 181.387729 94.996106 199.547300
2 86.491469 182.242779 106.567706 195.319858
4 101.804712 175.099204 118.836447 192.130939
7 112.589858 164.561727 130.622858 181.082320
