9 118.836380 42.144672 155.677932 70.228910
13 120.607184 59.053659 132.816615 66.088572
8 119.839852 53.218826 131.872785 60.425767
17 125.218981 61.797563 136.509576 71.893107
5 122.318781 47.868864 134.961875 56.297980
16 128.471428 46.931416 141.446695 56.452445
12 134.591175 51.065000 146.573565 60.165000
5 132.156028 61.181228 144.114202 68.216141
17 114.594264 45.180588 149.086038 71.973310
14 113.629001 46.391764 149.347761 72.301221
5 110.000711 46.276171 152.717940 70.786169
3 116.969397 46.572761 155.371051 71.400568
11 118.174332 41.437399 149.453174 67.647702
