12 70.463983 103.671550 158.310497 176.445991
18 76.395779 100.933203 156.238750 169.171268
7 74.119895 106.626088 149.745534 166.130206
15 87.414893 122.495372 112.680227 132.320340
7 82.882207 116.665505 103.143903 130.682994
11 81.840339 115.840919 106.748916 133.172105
3 85.621066 114.226313 109.883564 130.096411
16 75.127159 116.972253 106.783224 131.042079
16 70.398767 113.828438 153.039275 158.650308
16 81.621189 129.151365 141.852860 150.862652
16 95.641269 138.660159 157.379048 159.706774
5 80.863694 111.252934 153.252161 175.671953
