16 125.199958 133.047292 154.708092 148.155309
16 121.634961 135.114262 152.939912 149.952941
16 124.231939 134.238987 154.936336 147.305358
15 134.914920 131.848611 144.466033 140.975494
15 127.471372 138.509141 136.909167 149.796302
14 135.597556 148.282170 149.552388 156.711286
6 142.914011 160.021069 152.566177 167.228010
6 139.739023 176.063093 152.726737 186.563093
5 132.560090 167.833635 141.937462 178.239884
5 152.846743 147.775176 161.163975 157.192713
15 152.099326 160.342758 162.152960 169.113733
