16 73.013085 50.305067 89.091833 66.267523
18 57.926770 42.857464 72.087176 59.555069
3 40.983304 40.751703 57.577915 60.463882
4 29.085342 44.568555 44.875827 63.520336
5 17.006319 47.530673 35.714138 69.666617
6 6.644186 58.838905 24.364579 76.394816
7 -1.710995 65.531012 16.887765 83.784779
7 -8.655060 77.252193 11.041292 92.668094
11 -8.191753 93.837837 10.173687 109.998592
11 -11.817647 107.536104 5.282644 126.069587
14 -7.159874 124.161358 11.933959 140.322113
18 9.107755 133.397479 27.648869 153.295218
2 27.950067 136.826448 45.698182 152.788904
3 44.573601 132.551348 63.461903 152.959679
5 60.118651 127.441519 82.055472 145.150274
6 72.811683 118.743610 93.839438 133.460267
8 82.733564 101.405916 99.317065 119.225007
8 89.151931 85.027602 103.807451 104.337962
13 87.127252 57.362905 102.551694 81.902872
