12 68.466069 101.295257 111.028141 127.335521
3 79.774519 49.221508 123.016166 76.307341
8 73.000944 68.346427 103.133485 99.880415
18 93.769509 122.025239 125.339432 138.022119
19 92.929475 59.380303 143.455706 76.778098
4 78.235125 57.056169 115.440635 83.610242
4 110.206863 114.391311 131.985752 135.180250
8 124.999491 86.773777 148.603745 119.042183
11 126.622476 70.925639 150.101190 97.534847
14 121.238738 56.618527 146.833236 78.952805
8 70.629077 64.454193 159.980635 115.630847
14 66.138256 69.279025 157.912312 116.475846
18 65.486449 77.345256 169.786449 108.845256
4 76.580531 64.153415 165.501700 109.959310
