6 66.736434 123.574089 131.591349 147.004544
8 83.926088 107.876930 135.730818 135.181004
5 76.846363 113.381940 141.739044 138.599194
7 76.724006 110.377953 139.685105 144.613922
6 94.356405 94.140748 151.931400 118.308495
6 81.423441 115.610363 136.133498 133.607307
6 68.560615 126.896083 122.665252 153.943634
7 55.878137 152.273190 115.177256 168.509569
7 45.093128 162.312895 104.937550 182.025074
7 67.363477 145.683465 82.229911 159.840089
7 59.459664 160.304352 75.559664 171.504352
8 62.205676 152.038948 79.739539 163.260802
6 90.909336 161.352204 102.444084 172.896900
6 86.021133 170.840118 98.284830 179.498640
8 83.774162 175.171080 96.374162 180.771080
