11 82.070030 118.961026 113.139307 133.239828
11 81.788049 122.566387 108.138191 137.964360
12 84.684145 127.992430 109.194143 140.641214
12 83.198699 117.612694 128.833116 135.546124
12 86.144188 115.970485 130.796288 134.478017
13 85.895096 117.616133 134.276187 136.262863
8 85.135094 104.860738 105.596863 122.191924
12 86.398170 120.034742 103.210563 138.248199
14 92.967249 133.848971 107.936407 152.382455
11 105.013542 109.518360 127.457544 123.271178
13 108.437717 118.478688 129.437717 131.778688
10 112.511543 133.049679 131.274614 145.294678
