12 36.129552 107.161821 106.143550 135.873156
11 38.797047 103.242167 104.350842 128.893643
11 46.860770 88.822039 104.469536 132.252698
13 34.429628 74.529458 90.157471 102.747361
11 52.744755 126.279196 107.308263 162.415743
11 62.867851 152.757445 76.276807 168.993824
11 56.677108 131.266534 72.918050 147.502913
11 87.801250 140.249740 102.821313 160.979670
11 86.936476 118.211211 102.570631 138.810726
11 55.821654 120.028756 70.661446 135.571278
12 60.541146 140.589423 73.141146 155.289423
10 86.736777 110.795159 101.325742 132.719802
10 88.464038 132.868370 105.093852 147.946832
