11 105.332963 160.164564 151.960530 178.620894
12 105.667565 159.634810 153.987851 182.087725
11 105.894407 164.334233 129.089665 180.489409
11 106.750713 165.617185 131.989571 181.915624
12 106.266631 162.856517 129.377235 181.731002
11 104.997833 165.596609 128.838974 180.262924
8 108.463893 144.190210 127.789756 161.690210
14 114.056740 179.300876 134.644939 198.419977
12 130.583026 148.415199 147.464465 162.485025
11 136.230147 164.309916 151.643519 181.124493
9 138.774047 182.125773 154.988836 192.148248
2 120.578820 137.684119 137.897499 147.509087
17 119.871233 189.479907 145.334960 201.523163
