6 131.007701 163.530995 140.464102 180.051588
8 136.739192 151.022618 152.280322 169.182188
8 143.269945 139.936906 157.805141 156.531483
11 142.431809 127.215113 156.338138 144.029690
12 141.275772 110.954099 159.039831 130.753089
14 134.760349 98.933230 152.540008 116.779798
15 127.151656 88.294683 145.105640 105.383861
16 117.535760 78.227468 135.705272 95.615107
18 104.896817 73.147690 123.754006 89.786501
2 89.430244 68.399374 106.317981 88.807706
4 73.075798 71.071909 91.999557 89.244966
5 58.499214 79.164327 74.743632 100.175991
7 48.170306 90.490118 63.173768 110.934432
9 41.285034 106.023074 57.857135 124.871151
11 40.949974 123.507513 57.442702 141.761279
12 44.692278 136.662177 66.407051 158.226268
14 57.484505 157.230651 75.631389 172.598800
16 73.044935 169.544562 89.952555 184.426766
19 92.821018 173.307476 109.542687 193.691784
3 115.076212 171.098826 127.800455 191.591020
