7 63.061563 175.260869 96.894092 186.028564
7 61.061880 171.955782 95.197199 192.884620
9 58.967269 174.126894 97.237492 192.483466
9 64.344394 162.063161 92.806518 177.902353
9 65.694051 157.733863 89.546047 170.641225
9 68.539429 151.260763 92.139546 163.645027
8 84.483062 185.698965 97.884266 195.647834
10 57.606618 178.642694 69.197531 190.293015
4 61.946564 171.183359 73.272383 180.390422
12 86.460761 180.209837 94.670488 188.191065
18 64.887638 188.848891 77.892066 195.302572
17 76.714829 189.844911 89.416500 198.971794
