13 76.403532 126.223974 94.948158 142.186430
11 70.038000 113.984993 88.170321 132.359159
8 70.269146 96.225426 87.971593 116.270376
6 77.690473 81.152690 95.385021 99.312261
3 85.194373 74.337789 107.991423 88.143947
17 108.122441 66.648592 123.710107 85.062717
13 123.505601 77.431022 141.202474 93.832546
11 132.584700 89.782869 146.464699 104.399298
11 137.225432 101.388053 151.081173 116.498976
7 136.518604 116.747357 152.047637 132.908112
5 128.403318 132.582296 144.264852 147.562951
2 114.690497 140.357896 127.994365 155.853056
16 93.195074 138.817685 110.269434 159.630182
