3 67.232579 107.308024 142.887652 129.729574
4 61.321060 93.030726 154.704838 139.906753
4 62.977490 95.511252 145.494398 132.148670
4 78.761937 106.648551 141.637370 136.875475
5 88.606295 97.369013 155.830861 123.278471
5 105.346458 83.295878 168.379132 105.007165
3 44.443038 127.675220 105.455664 150.562116
4 63.560167 114.211102 129.788728 143.216791
3 52.127636 122.890958 123.952361 147.380956
3 75.498684 149.170584 89.768485 159.505960
3 86.525553 143.856414 98.935978 157.008220
3 97.657672 137.242982 113.129960 149.487981
2 107.107003 132.661600 123.428088 144.704856
4 58.657338 125.293215 79.955641 141.453970
4 67.105096 124.166431 88.205970 134.358584
3 78.022295 120.271758 96.130782 127.810989
3 85.795378 112.734644 105.365307 127.813106
