17 98.224299 124.251200 122.674248 147.271053
13 91.847579 125.863052 121.289216 137.047173
2 109.598174 130.137021 140.973483 156.099632
12 132.474192 111.938806 157.761541 126.073075
16 117.202939 93.657987 138.948054 113.298221
18 70.863343 85.889003 112.594147 98.053616
18 93.329020 80.768389 110.242967 94.049955
15 84.869682 95.809330 101.792790 106.332638
14 131.134613 101.343230 148.262072 119.942693
7 127.531022 126.083997 145.031022 144.283997
10 93.651562 115.105335 109.251554 131.432000
