12 53.787698 128.137167 129.497803 154.643859
12 51.404695 126.988155 125.782783 153.045806
13 51.746529 121.881774 125.203183 160.012622
13 58.047758 125.457816 129.742249 155.036210
15 78.764137 152.880685 142.750474 182.413717
12 46.090795 100.301175 102.883144 130.205188
12 51.902614 123.104249 66.040341 135.723679
12 57.379971 138.840599 75.292328 150.802204
11 65.606937 147.893000 80.508225 160.414980
11 78.327004 105.365815 92.554317 117.265815
11 83.093178 118.028321 98.177946 131.493090
11 87.424664 127.212991 101.575056 139.734971
17 98.670537 173.429130 114.154067 188.145787
17 85.253028 168.340334 102.470751 179.297067
17 77.605761 158.940564 90.668665 178.059664
16 97.741787 167.629657 115.510758 189.102663
17 104.948894 146.219815 118.137893 157.806877
17 110.747358 149.485711 121.304278 164.853860
16 118.638304 156.278007 133.527619 172.664587
17 101.721131 142.271022 115.737098 161.682617
