11 78.412201 52.542342 112.244730 63.310037
11 78.579848 44.918795 112.715167 65.847632
12 75.976566 45.500077 114.246790 63.856649
13 88.897040 57.409951 117.359164 73.249143
13 95.591640 62.778335 119.443636 75.685697
13 97.842431 69.985088 121.442549 82.369352
12 73.608039 52.210065 87.009243 62.158935
14 100.008810 38.698433 111.599724 50.348755
8 102.334702 49.314241 113.660520 58.521303
16 80.757642 57.835368 88.967370 65.816596
4 88.306591 40.411194 101.311019 46.864875
3 77.916194 44.609632 90.617865 53.736515
