17 120.602214 53.200653 151.671492 67.479455
17 120.675607 48.270947 147.025749 63.668920
18 117.099010 49.331103 141.609008 61.979888
18 108.699215 58.418195 154.333632 76.351625
18 109.136809 60.934236 153.788909 79.441768
19 104.979164 61.405994 153.360256 80.052724
14 137.914800 56.022747 158.376569 73.353933
18 126.497187 47.287672 143.309579 65.501129
2 112.493024 45.031383 127.462183 63.564866
17 124.004761 74.451285 146.448763 88.204103
19 115.811879 72.650886 136.811879 85.950886
16 103.290644 68.716060 122.053716 80.961059
