6 80.154185 139.132043 115.182173 148.941650
5 92.100487 128.224408 123.098713 140.976392
5 80.274726 134.473309 114.603286 147.129083
5 89.447812 127.628905 126.607199 138.736185
5 83.698734 137.696968 116.606180 145.408168
5 82.680692 133.172830 117.792514 146.794166
5 83.100830 134.070777 116.708120 144.580577
5 84.792462 129.407434 120.499324 142.771134
6 88.346735 130.675302 119.854512 142.553602
5 76.800110 140.265077 116.099983 152.224780
5 89.244134 128.386280 121.474554 140.345284
6 79.222678 134.573478 112.130124 143.624478
5 98.839867 122.639921 126.283081 139.606979
5 85.622787 132.401049 115.155819 149.240447
