11 100.899153 86.449554 143.690858 106.786079
10 102.781496 90.525555 153.191218 105.005417
11 104.756210 80.749632 147.370057 108.774145
11 107.474811 83.204173 153.960292 109.170399
11 104.168441 87.254567 115.695365 105.251512
10 105.013460 87.111647 115.691879 99.336622
10 102.200438 81.800997 115.387278 101.612357
6 132.171203 87.896342 144.443383 95.722580
10 135.520794 83.631770 145.085628 92.402745
16 132.568444 77.903160 146.128374 86.674135
4 126.967970 75.813461 136.767970 85.613461
9 107.935360 102.999424 137.024126 117.173344
11 111.841805 114.692593 134.951368 129.123462
13 117.412319 128.910389 141.328666 142.980215
12 116.216960 128.210866 142.373445 148.009855
12 118.968201 137.672075 145.373735 159.087957
