6 26.812455 48.018042 44.385801 66.827083
4 39.326092 37.234388 54.819495 54.790299
4 52.960369 27.081172 68.074583 45.023579
18 70.194372 24.247779 86.714000 41.564822
19 84.539414 25.577265 97.648906 39.042034
16 98.041862 26.243894 115.649567 41.224548
15 113.870061 30.984259 129.052437 48.315445
13 124.504848 43.438061 139.247453 63.360411
9 130.466885 62.381557 148.778553 79.210698
7 124.501959 79.996752 142.304720 98.831825
5 113.170443 96.183809 134.888194 115.225868
3 98.179463 105.076501 119.768432 123.450668
3 85.679493 114.734931 107.782852 130.697387
19 72.172229 116.251652 91.567999 133.974236
17 56.454546 117.424621 75.562754 133.417745
16 42.247318 114.758050 61.743332 132.822933
9 22.476888 63.040847 37.114402 79.869989
10 16.032869 77.484046 34.289573 95.039957
13 22.379484 94.480776 35.328308 110.473899
16 32.164772 105.530040 47.377211 124.010571
