14 96.091900 138.134361 143.697046 152.508148
14 89.492729 131.554730 137.757208 149.197091
12 81.859970 136.679286 137.877467 152.085397
14 82.323625 129.611759 141.206899 142.967725
13 107.788569 108.505566 128.872759 116.237318
11 109.356525 119.696990 130.268783 125.469338
3 101.353738 128.133537 114.128331 140.752966
1 87.050597 135.389116 102.545758 144.243493
13 73.608719 128.942203 87.827797 136.768441
7 73.490290 111.096865 89.854738 123.017436
3 85.387340 102.555203 100.029183 112.380171
18 95.130945 101.117310 111.034353 107.378300
