13 111.736345 128.453301 141.909512 142.487024
13 110.195017 121.023893 135.404737 142.732241
13 102.400150 119.816274 143.913160 145.149308
4 99.122275 159.322267 140.106662 168.712715
16 46.541264 107.752078 106.582509 135.302214
16 65.610090 114.620528 122.210148 146.866148
16 76.900381 123.165077 145.540969 155.097662
16 94.713473 130.289507 158.146709 165.128135
14 92.425983 150.477364 117.970976 161.000672
4 114.201171 153.765253 138.191458 165.052414
15 114.660448 145.686422 178.436140 170.266292
