16 72.233024 85.703404 147.116667 102.695925
16 77.157138 82.318089 147.992158 102.839076
16 83.240980 77.767459 149.796221 101.672569
15 81.346530 77.584906 146.461582 97.379100
16 81.056521 73.816463 140.605912 102.196289
16 89.444316 87.334381 158.065741 108.873575
16 88.738416 86.271510 162.104961 111.945798
17 94.272466 82.435743 169.781671 116.689381
17 89.308268 83.292608 157.897553 113.572501
16 90.153210 85.199460 164.751669 112.312403
16 77.181716 78.847849 130.262568 96.790257
15 68.987917 72.463755 120.340719 92.872087
15 64.683818 68.668880 113.240845 89.680543
17 59.553726 66.714313 111.045302 93.897396
17 67.551718 82.948621 77.631479 98.059544
17 77.755887 91.649930 88.408650 100.165797
15 87.659117 94.580264 98.535675 109.296921
17 96.440419 100.480673 110.902540 114.233491
18 111.554149 90.142475 157.054149 106.942475
18 122.187431 94.520092 171.887431 111.320092
18 133.803079 96.965918 184.260771 111.682575
17 75.332311 60.463990 87.314955 72.446060
17 86.959366 60.264352 101.839216 78.678477
15 102.887387 69.821909 116.100628 82.973715
17 113.146200 75.925222 124.479299 85.132284
