9 144.036277 88.766884 175.105555 103.045686
9 150.249452 85.129269 176.599594 100.527241
11 150.620180 82.029812 175.130177 94.678597
10 128.956666 83.748252 174.591083 101.681683
10 126.686013 83.943477 171.338113 102.451008
11 123.852553 81.726155 172.233645 100.372886
6 147.363029 99.858580 167.824798 117.189765
10 154.802524 84.835883 171.614916 103.049339
12 154.933929 69.624330 169.903088 88.157813
9 127.573224 92.141137 150.017225 105.893954
11 128.583754 83.229721 149.583754 96.529721
8 131.479983 69.516669 150.243055 81.761668
