6 34.742827 119.079586 94.653176 145.263427
6 48.852018 116.902547 108.104444 141.036055
7 42.014872 104.295860 106.475713 135.706675
6 38.682839 107.454744 102.336669 153.245301
7 45.614446 95.520574 118.417811 119.331774
6 29.794592 135.270588 86.145972 163.453739
7 26.152253 149.917850 78.688644 168.830808
7 62.112450 81.766827 127.499429 104.265049
8 97.789087 100.945121 110.448631 115.014947
7 103.297237 85.186678 117.329710 105.534897
7 73.188772 83.936621 91.477744 98.006447
7 75.098692 74.130739 93.298692 89.530739
