6 138.118820 120.337848 169.188098 134.616650
6 145.377539 119.210046 171.727681 134.608019
7 148.202626 116.499322 172.712624 129.148106
7 125.915125 111.672341 171.549542 129.605771
7 123.808568 110.330745 168.460667 128.838277
8 122.260463 107.926302 170.641554 126.573032
3 135.059519 128.464580 155.521289 145.795766
7 149.372884 118.632973 166.185277 136.846430
9 157.600465 105.289783 172.569623 123.823266
6 123.163956 112.229900 145.607957 125.982718
8 128.972953 104.859891 149.972953 118.159891
4 139.145390 94.252790 157.908462 106.497789
