5 154.888235 88.655416 164.344636 105.176009
8 142.472290 99.049608 158.013420 117.209179
8 136.334597 111.368578 150.869794 127.963155
11 137.139971 123.913409 151.046300 140.727986
12 133.666398 137.129322 151.430456 156.928312
13 139.477088 151.425384 157.256746 169.271952
14 146.324550 163.199869 164.278534 180.289047
16 155.192820 173.452647 173.362331 190.840286
18 166.841785 179.917255 185.698975 196.556065
1 184.105398 181.753120 200.993134 202.161452
3 198.484180 182.120638 217.407940 200.293695
5 216.216098 172.035641 232.460516 193.047305
