18 115.235228 63.475277 146.043181 78.179084
18 110.444306 53.679294 142.223072 77.692299
18 105.725947 50.992064 139.507746 77.739614
9 131.863181 78.089396 163.394277 96.996059
6 81.340510 65.967375 109.558413 80.240122
4 84.483488 59.226738 118.090779 78.050561
15 134.394362 62.561350 156.603201 78.291893
13 141.661368 71.305754 162.588132 82.240103
4 132.410725 92.939302 147.158046 106.530843
4 123.469640 101.651369 136.913896 116.217425
12 84.550686 102.111036 102.225879 112.133510
9 82.933720 85.264134 99.733720 99.264134
9 82.382318 69.744782 99.882318 89.344782
2 89.060624 51.162258 121.253185 74.776237
