14 103.187370 37.770563 149.814937 56.226893
15 100.550749 35.183849 148.871035 57.636763
14 122.614337 30.313826 145.809595 46.469002
15 119.279665 30.129035 144.518524 46.427474
15 122.444290 29.232861 145.554893 48.107346
15 122.490390 30.311448 146.331531 44.977763
11 134.621655 46.317412 153.947518 63.817412
17 109.207036 18.772474 129.795236 37.891575
16 116.951243 57.308796 133.832683 71.378622
15 104.160483 44.130878 119.573855 60.945455
13 93.436628 37.037211 109.651417 47.059685
6 131.940029 64.881472 149.258708 74.706441
2 96.231340 21.235196 121.695068 33.278451
