13 41.297150 80.875498 78.125400 102.123484
13 38.309971 79.995624 74.119607 96.846272
13 37.893056 80.926002 73.839266 99.253670
13 38.945545 80.245649 74.707256 99.879281
9 78.807524 85.884309 115.914127 97.091096
9 76.302251 86.174907 115.464733 97.294227
8 75.322755 82.546168 111.084466 104.718955
12 40.381972 80.611366 54.944325 98.167276
11 52.937527 75.957007 66.271631 97.246676
9 91.894899 81.745459 105.147037 101.765949
9 77.749022 81.622645 94.078062 98.143238
10 56.321100 108.231943 87.126190 123.884419
12 71.153089 131.879812 91.453089 152.179812
10 53.622616 139.430812 74.968855 156.025390
