11 123.430418 131.340981 140.263977 146.693180
11 121.739322 118.898369 137.452983 136.840777
13 117.032321 104.332956 130.524665 121.364691
12 114.035521 91.702979 132.107176 111.227835
13 101.319441 136.126192 120.432340 155.232474
13 94.616808 124.294384 112.946880 141.919934
13 87.529751 109.641891 105.081500 127.895657
12 78.871490 98.016182 97.091537 113.304413
7 63.368918 81.910603 98.645207 98.505181
15 100.310586 76.046387 129.264722 89.799205
12 81.953344 118.723553 142.821697 145.222044
12 74.246113 106.140175 138.861311 131.379034
12 72.591761 88.541548 133.430433 112.009825
11 63.065551 69.908013 130.415308 95.646699
