13 147.045891 82.359351 183.987061 98.891353
12 152.997450 81.711991 184.837833 95.164308
10 153.430158 76.746526 186.158433 96.639905
11 152.496465 78.077193 181.737703 97.762206
18 121.637392 108.039968 150.811525 121.875674
18 115.262495 105.796060 151.263189 121.511645
19 116.382523 104.577875 151.924330 122.692435
18 117.486408 105.159390 150.356607 121.563305
10 168.589653 73.172881 180.372553 83.121751
5 158.795056 69.282434 171.525822 79.181929
15 168.952130 71.058331 177.352130 79.458331
11 153.693908 75.286322 168.073091 85.692570
18 132.048810 94.854674 143.153229 112.797082
17 128.268518 106.793045 139.840414 125.392508
13 170.244080 118.240139 186.481389 137.088216
14 181.927464 131.734219 195.808131 153.870162
19 196.695080 110.639025 213.858312 130.251521
1 180.016005 109.757972 198.542783 124.738626
10 162.593646 93.946252 181.530452 105.989507
18 147.382487 106.684721 165.010868 121.401378
