12 72.900911 119.977227 147.784554 136.969747
12 71.673188 117.533998 142.508208 138.054985
12 68.961150 115.411859 135.516390 139.316969
11 70.186198 120.871661 135.301250 140.665856
12 75.632150 118.199060 135.181541 146.578886
12 67.967031 105.519836 136.588456 127.059030
12 64.995753 101.600623 138.362299 127.274911
13 59.237070 92.634860 134.746275 126.888498
12 68.313472 101.001305 136.902757 131.281198
12 62.615763 99.815206 137.214221 126.928149
12 84.108811 128.223116 137.189663 146.165524
11 88.429416 136.820230 139.782218 157.228562
11 91.838896 142.895763 140.395922 163.907426
13 93.878081 141.359393 145.369657 168.542476
13 130.865413 148.035915 140.945174 163.146839
13 126.206703 140.372659 136.859466 148.888526
11 122.492807 126.150301 133.369365 140.866958
12 116.274512 115.605612 130.736633 129.358429
14 71.853902 100.637649 117.353902 117.437649
14 63.015947 88.980035 112.715947 105.780035
14 54.505949 81.092881 104.963641 95.809538
13 107.546221 162.021666 119.528864 174.003736
13 98.208223 147.950737 113.088073 166.364862
11 92.193526 135.451453 105.406768 148.603259
13 88.810794 128.192519 100.143893 137.399581
