12 78.838545 38.868724 166.685059 111.643166
1 81.534822 46.341340 161.377793 114.579405
7 87.833768 48.857943 163.459408 108.362061
16 125.903688 81.152510 151.169023 90.977478
7 135.842591 81.904736 156.104286 95.922225
12 132.145703 79.578013 157.054280 96.909198
3 129.322630 83.057613 153.585128 98.927710
17 132.147358 81.297342 163.803423 95.367168
16 84.555346 56.310764 167.195855 101.132634
16 95.282737 64.128697 155.514408 85.839985
17 78.748337 57.153367 140.486116 78.199982
5 83.501985 39.993608 155.890452 104.412627
