2 58.873848 114.481507 95.715401 142.565744
7 81.432690 131.865285 93.642121 138.900198
2 76.672324 134.984246 88.705257 142.191187
11 84.010995 124.765273 95.301590 134.860817
16 70.895790 133.852725 83.538885 142.281841
9 67.704481 127.745502 80.679747 137.266531
5 69.379914 121.201608 81.362304 130.301608
16 78.658891 120.613187 90.617065 127.648100
11 64.504281 119.026613 98.996056 145.819336
7 64.736896 119.461835 100.455656 145.371292
17 60.553270 120.623099 103.270498 145.133097
14 61.090702 115.911539 99.492356 140.739346
4 61.620260 119.234143 92.899102 145.444446
