11 108.300469 83.489190 137.617018 98.678549
12 107.264392 75.170741 134.528471 90.992979
10 104.878593 92.277038 140.108836 111.729482
5 97.647641 114.926234 127.122545 128.260012
19 91.026882 57.155289 115.285695 78.477894
8 109.952468 99.928983 139.408558 119.340578
14 107.449421 66.025291 127.062858 84.938250
4 92.031061 122.808827 115.783764 136.090393
1 79.875776 125.836294 104.873226 138.705638
17 68.117759 124.778902 88.185539 136.066063
4 83.237767 62.870142 104.534046 77.981065
5 72.509434 70.280515 90.672528 83.598923
6 60.671869 79.779394 80.271869 99.379394
