16 88.872054 102.470168 103.627946 119.386432
16 78.638785 96.876008 94.261215 113.157592
18 64.363366 89.447922 78.436634 107.620978
16 50.996757 87.656254 62.403243 100.506546
18 41.010615 81.596360 54.889385 94.673440
16 69.311366 122.557097 83.288634 140.444803
16 60.407483 115.683875 71.892517 135.728825
15 45.942398 106.211681 60.457602 124.850619
15 36.073076 97.224105 49.326924 118.788195
19 76.650000 138.950000 103.250000 152.250000
13 97.709700 106.047645 121.390300 122.162855
16 27.157661 92.196242 81.342339 119.808558
17 51.342069 107.942271 109.657931 133.181129
17 38.884510 100.387454 101.115490 124.197746
16 69.220910 117.481047 129.579090 144.136253
16 89.818072 126.472772 147.481928 154.647228
