5 23.165022 98.561635 69.792588 117.017964
5 21.606791 98.308196 69.927077 120.761110
5 26.832708 91.419766 50.027966 107.574942
5 25.536686 93.647479 50.775545 109.945918
6 27.138231 90.291409 50.248835 109.165894
5 25.778658 91.913592 49.619799 106.579906
2 46.105412 81.862529 65.431275 99.362529
8 17.075177 103.911091 37.663376 123.030192
6 55.263442 103.071299 72.144881 117.141125
5 43.277249 114.367259 58.690621 131.181836
3 31.692268 127.329584 47.907057 137.352059
14 61.542608 90.403557 78.861287 100.228525
11 12.829741 117.886273 38.293469 129.929529
