6 104.461090 140.506146 160.149599 150.897009
6 108.341975 131.555845 163.539983 158.174081
6 106.262265 133.063432 159.838566 152.169060
4 104.522214 140.327880 165.619023 155.748165
4 96.543139 144.553925 112.707399 152.285678
17 112.194623 144.561913 124.330554 153.688796
14 122.109184 152.581349 134.341563 162.480844
12 126.971909 162.516934 142.866071 171.371311
8 127.274692 171.652896 142.187577 182.152896
18 118.237216 181.205807 129.871755 190.115352
14 104.702930 177.808425 117.293102 187.015487
13 96.493681 170.330100 109.781472 178.156338
10 92.270671 158.675737 106.219094 168.771280
