3 111.635852 120.581296 126.391743 137.497561
3 100.092874 123.648221 115.715304 139.929806
4 85.641784 128.760728 99.715053 146.933785
3 73.431923 138.667799 84.838410 151.518090
4 61.803787 140.536779 75.682557 153.613858
2 112.465443 148.749416 126.442711 166.637122
3 102.437026 150.750527 113.922059 170.795477
2 84.569955 153.415613 99.085159 172.054551
2 72.455033 154.056679 85.708881 175.620770
6 125.775619 151.360795 152.375619 164.660795
18 118.824460 113.823746 142.505060 129.938956
2 58.739836 141.448618 112.924514 169.060934
4 85.530776 134.368773 143.846639 159.607632
3 70.301460 136.660541 132.532440 160.470833
3 105.119624 127.541970 165.477804 154.197175
3 126.973837 120.065784 184.637694 148.240241
