16 81.347365 104.353203 157.002438 126.774753
17 69.031539 91.121326 162.415317 137.997352
17 74.791204 100.836552 157.308112 137.473970
17 87.023220 94.415324 149.898653 124.642247
18 68.395693 94.431936 135.620259 120.341393
18 48.707558 95.327835 111.740233 117.039122
16 123.627011 114.557071 184.639638 137.443967
17 99.261011 101.162007 165.489572 130.167696
15 106.887603 106.088578 178.712328 130.578576
16 153.990433 105.283053 168.260234 115.618429
16 145.530262 98.485952 157.940687 111.637758
15 130.538253 93.545620 146.010540 105.790619
15 120.261320 88.919801 136.582405 100.963056
17 142.570579 125.920962 163.868882 142.081717
17 134.220157 125.004027 155.321031 135.196181
16 125.729936 122.294758 143.838424 129.833988
16 116.719702 114.287409 136.289631 129.365871
