5 76.263463 113.856323 110.734465 124.387601
5 76.067889 119.105700 104.285791 132.791371
4 76.403061 113.523883 105.711251 130.689275
5 77.221975 116.462400 105.956101 133.537818
6 80.415108 111.508836 95.199568 127.790421
5 89.048231 119.677916 105.672461 137.837486
7 112.396120 126.171110 123.861856 132.624791
14 110.024133 134.820440 124.244513 141.424227
18 116.607064 136.058065 129.229643 143.092978
7 121.860878 135.534494 133.337202 141.988175
13 123.407024 125.560396 134.512751 134.524770
11 111.149482 107.242950 134.973045 125.723480
5 94.461576 100.740495 119.638896 119.782554
6 103.200698 87.051142 139.348701 102.546302
4 137.431790 73.309164 154.179803 92.144238
7 124.707391 59.457024 146.333811 83.226122
