18 105.109277 98.381820 164.872225 125.693173
18 99.162244 99.351118 176.079472 136.533870
17 95.946821 105.591609 171.095008 129.036295
19 97.392993 91.282212 170.277079 133.533233
19 81.447945 103.996146 146.604344 120.810723
19 62.917441 102.550906 128.183658 122.200842
17 133.733104 108.360208 189.759011 132.283419
18 115.471603 103.011410 176.795272 126.975550
17 161.145678 101.581988 183.931648 119.781988
16 148.655948 91.722609 167.590599 116.142478
17 130.079195 87.312123 149.385147 105.792654
16 153.320412 121.066295 177.002544 137.660872
18 138.365037 123.209711 164.674357 135.293585
17 121.844874 116.600035 145.256453 133.429176
