2 123.234331 14.371728 140.807678 33.180768
18 140.453971 14.760746 155.947374 32.316657
18 157.233636 16.742358 172.347851 34.684765
14 171.618966 27.251828 188.138595 44.568872
14 182.830939 37.529235 195.940431 50.994003
12 190.922963 48.737992 208.530667 63.718646
11 198.539819 61.970878 213.722196 79.302064
8 196.700434 77.800574 211.443039 97.722924
5 188.403421 97.242673 206.715089 114.071815
2 171.250766 105.312147 189.053527 124.147221
19 151.233797 110.415354 172.951549 129.457412
17 134.522857 106.447607 156.111826 124.821774
17 119.587295 105.229190 141.690654 121.191646
15 108.585991 95.749869 127.981761 113.472454
13 97.105869 85.818030 116.214078 101.811153
12 87.964397 73.874655 107.460412 91.939538
5 110.779531 21.424631 125.417045 38.253772
6 95.350692 28.492870 113.607397 46.048781
9 89.396803 43.503748 102.345627 59.496871
12 87.578683 58.686517 102.791122 77.167047
