10 109.836196 79.571054 152.627901 99.907578
9 111.503426 84.427968 161.913148 98.907830
10 113.914877 74.413615 156.528724 102.438128
10 116.389804 77.502054 162.875286 103.468280
11 113.276568 78.659005 124.803492 96.655950
10 114.539034 78.604122 125.217453 90.829096
9 111.952372 73.091295 125.139211 92.902655
6 141.621609 83.293116 153.893789 91.119354
9 145.479548 79.343228 155.044382 88.114202
15 143.333759 73.537485 156.893689 82.308460
3 138.025308 70.422039 147.825308 80.222039
9 114.996142 96.015559 144.084908 110.189478
10 117.248410 107.721280 140.357974 122.152149
12 120.807175 122.633874 144.723523 136.703700
11 119.311231 121.902801 145.467716 141.701791
11 120.605226 131.664296 147.010760 153.080178
