13 128.194313 143.320907 158.367480 157.354629
14 126.530072 136.034089 151.739793 157.742438
13 118.756093 134.813650 160.269103 160.146684
4 116.580921 174.424054 157.565308 183.814502
16 62.543244 124.382262 122.584490 151.932398
16 81.923143 130.639653 138.523202 162.885273
16 93.495627 138.574963 162.136215 170.507548
16 111.598803 145.163367 175.032039 180.001995
14 109.604496 166.087305 135.149489 176.610613
4 131.494968 168.640144 155.485254 179.927305
16 131.891854 159.851912 195.667546 184.431782
