8 16.910826 148.888571 52.781984 180.216171
7 16.443974 153.741353 54.075078 186.357788
14 36.515824 156.100550 47.859250 165.307612
10 37.870291 161.794352 50.739634 168.723999
2 30.255058 153.732175 40.022559 162.696549
10 21.377599 161.027877 31.815353 167.049504
15 25.571065 165.311919 33.971065 173.711919
19 29.893763 169.825121 41.615194 177.806349
5 36.498103 166.528408 50.725084 174.354645
5 25.874253 154.581854 38.529014 162.313607
15 14.203944 150.199362 56.272792 176.882128
6 19.212800 151.714148 55.675155 175.555289
18 21.510234 153.924256 55.585078 176.159589
9 21.588537 154.193954 54.140383 176.429286
