7 82.096935 127.888432 152.110933 156.599766
7 88.489758 125.874208 154.043553 151.525683
7 99.265873 115.966857 156.874640 159.397516
8 106.236086 98.633182 161.963929 126.851084
6 79.965095 146.605209 134.528603 182.741756
7 81.462972 160.850249 94.871927 177.086628
7 91.867089 142.277622 108.108032 158.514001
6 106.113179 169.548089 121.133242 190.278019
6 121.041462 153.589222 136.675617 174.188736
7 99.659011 133.332648 114.498803 148.875170
7 89.083495 150.539918 101.683495 165.239918
6 125.828755 147.640481 140.417720 169.565125
5 113.563611 166.194106 130.193424 181.272567
