12 75.087582 115.498848 134.850531 142.810200
12 69.643545 104.908935 146.560774 142.091687
11 72.493498 115.430594 147.641685 138.875281
14 69.518216 108.729201 142.402302 150.980221
14 85.299924 137.270087 150.456322 154.084664
13 96.341895 150.624260 161.608111 170.274197
12 67.470508 90.839555 123.496415 114.762765
13 69.962139 106.494554 131.285809 130.458694
12 69.896617 90.883193 92.682587 109.083193
11 75.107329 103.347818 94.041980 127.767687
11 80.095666 125.446763 99.401618 143.927293
11 88.808022 86.334722 112.490154 102.929299
13 95.614862 99.552249 121.924181 111.636122
12 104.493913 114.080239 127.905493 130.909380
