2 69.078411 97.564362 128.988761 129.476675
19 65.434464 97.580552 143.815712 132.625989
19 69.873205 98.624489 143.369871 124.194502
2 68.847486 101.590615 139.530157 130.254192
18 97.018241 101.235196 161.565049 124.766027
19 111.421811 102.777236 166.480764 124.511081
1 88.638288 100.961594 143.801213 123.891269
2 55.959964 106.670518 113.359964 125.570518
2 37.341238 107.117320 100.341238 128.117320
2 34.161968 109.837562 95.788560 133.647854
18 128.901547 90.286745 143.178242 106.017288
18 111.854550 92.821319 126.832025 102.571191
18 100.492786 90.594530 115.097261 104.382931
19 91.572590 92.955872 106.235676 104.690010
18 123.661340 115.823547 139.677439 134.942647
18 106.366834 117.635910 125.309887 131.100679
2 99.733406 118.098820 115.865766 129.320674
3 77.487214 90.946621 93.607152 104.964110
2 59.591052 98.645779 79.191052 113.345779
3 70.492073 95.442672 85.458858 106.837847
3 45.878384 104.735434 64.804394 118.053842
2 77.476903 119.061007 93.576903 139.361007
3 57.926200 126.377691 74.076638 143.933602
