7 99.001241 135.061219 169.015239 163.772553
6 96.888839 139.912584 162.442634 165.564060
7 94.013811 131.683284 151.622578 175.113943
8 87.627524 163.879963 143.355367 192.097866
6 117.743926 109.465848 172.307433 145.602394
6 157.599234 116.125400 171.008190 132.361779
6 143.407312 134.053957 159.648255 150.290336
6 131.945603 101.616757 146.965666 122.346687
6 115.585472 116.886724 131.219627 137.486238
6 136.539959 143.308922 151.379751 158.851444
7 150.217751 127.579269 162.817751 142.279269
5 111.572556 121.279894 126.161521 143.204537
5 122.573312 110.181690 139.203125 125.260152
