12 112.465148 88.593214 146.275945 106.751166
11 109.455692 68.460792 147.539810 102.343749
2 155.424278 112.195074 197.049270 132.021393
18 158.218556 106.511022 192.202817 134.678116
2 165.388714 122.688137 183.127547 138.650593
2 161.454984 107.640990 174.247798 125.028629
13 113.718616 95.642890 126.334660 109.431290
12 126.306775 89.381281 140.086394 103.187439
12 110.572580 81.232092 138.807035 112.325018
3 158.573846 108.686326 186.093094 136.272011
11 142.543745 130.794938 157.502166 144.794938
11 144.584478 141.017911 160.602800 160.479926
2 117.597656 119.524781 134.947627 133.524781
3 107.289652 121.711172 120.730349 139.378373
