9 114.383156 73.116233 123.839557 89.636826
12 111.623297 86.909438 127.164428 105.069009
12 114.683102 100.755287 129.218299 117.349864
15 123.670369 109.873923 137.576698 126.688500
16 130.225093 120.495496 147.989151 140.294486
17 143.347171 127.707052 161.126830 145.553621
18 155.969947 132.136736 173.923931 149.225914
2 169.460814 133.949193 187.630326 151.336833
4 182.163586 131.051948 201.020776 147.690758
5 197.875094 121.295269 214.762830 141.703601
7 207.985068 111.745578 226.908827 129.918635
9 216.010917 93.031911 232.255335 114.043575
11 218.461424 77.873164 233.464886 98.317479
13 213.413049 63.303952 229.985149 82.152029
14 203.166491 49.826625 219.659219 68.080392
16 186.431140 40.412659 208.145912 61.976750
18 168.784523 36.521061 186.931408 51.889210
2 150.199034 36.450478 167.106654 51.332682
4 130.771112 40.684482 147.492780 61.068790
7 118.134069 54.799606 130.858312 75.291800
