11 103.486934 131.741910 168.341849 155.172365
13 114.583437 146.603382 166.388166 173.907457
10 104.798691 144.533867 169.691372 169.751120
12 105.217103 138.249521 168.178202 172.485490
12 115.907460 168.016123 173.482455 192.183870
11 111.302977 148.564883 166.013034 166.561827
12 106.901659 124.009804 161.006296 151.057354
12 94.423900 109.341800 153.723019 125.578179
12 91.071729 92.120418 150.916151 111.832597
12 129.191592 106.403127 144.058026 120.559751
13 122.464126 94.152359 138.564126 105.352359
13 126.255462 101.874730 143.789325 113.096584
11 106.219090 116.539515 117.753839 128.084211
11 102.152180 109.528294 114.415877 118.186816
13 100.997555 107.711231 113.597555 113.311231
