8 35.871690 47.527150 78.433762 73.567414
16 80.220487 18.788876 123.462134 45.874709
4 62.254610 22.236409 92.387150 53.770398
14 44.266249 77.662203 75.836171 93.659082
14 84.697529 39.268458 135.223760 56.666252
17 74.664006 21.184080 111.869516 47.738153
18 61.026831 79.723731 82.805719 100.512670
4 86.689420 69.619388 110.293675 101.887794
7 101.062584 60.345070 124.541298 86.954279
10 108.573928 47.795628 134.168426 70.129907
4 47.712517 35.867503 137.064075 87.044158
10 42.177672 37.543000 133.951727 84.739822
13 39.728370 49.513126 144.028370 81.013126
17 54.095391 40.497499 143.016560 86.303394
