14 108.362572 124.882647 137.679121 140.072006
14 104.027363 118.278108 131.291442 134.100346
12 109.774506 132.769243 145.004748 152.221687
8 112.154236 157.867156 141.629141 171.200935
3 82.893408 109.584358 107.152221 130.906963
11 117.972502 138.690204 147.428592 158.101798
17 101.249151 111.497631 120.862589 130.410589
6 110.839706 168.670996 134.592409 181.952562
4 101.088421 176.468621 126.085871 189.337965
2 89.959520 181.833195 110.027300 193.120356
7 77.186227 119.099032 98.482505 134.209955
8 70.557814 131.239877 88.720908 144.558286
8 65.386437 144.333844 84.986437 163.933844
