18 122.900761 98.360760 136.064511 110.281330
1 137.628502 113.247806 146.935413 125.168376
15 144.785832 116.240839 160.435173 127.528000
12 151.608826 123.205744 166.899401 139.844554
7 150.762609 141.965361 168.733109 154.190335
2 137.702171 146.729706 155.545966 160.176267
16 128.000354 145.389113 144.222292 158.466192
12 119.481141 135.705685 134.071398 148.227666
7 118.795900 117.982061 133.107341 134.458105
14 115.208850 113.023252 130.104985 121.452368
18 128.731310 101.317746 140.102778 110.444629
