6 102.949177 130.852689 133.316594 143.273990
6 105.612563 127.117587 131.351250 138.438693
7 107.498049 115.154349 137.889660 133.945785
7 110.551156 116.799034 135.848192 141.394200
7 112.248998 111.717008 125.341590 127.679464
7 123.349613 116.690245 138.426004 137.420175
8 70.402456 115.390912 83.002456 121.690912
4 73.569693 111.763128 84.504042 117.230303
14 72.741560 121.042921 83.207639 127.064549
12 82.668037 114.059411 94.489514 121.500513
13 81.959490 127.446663 101.042839 145.767416
7 103.471582 134.676051 123.174437 148.953306
6 81.700212 158.086045 97.370221 174.680623
10 96.711986 168.094520 112.464772 190.712213
