5 52.344612 95.030853 112.254962 121.214694
4 66.820957 96.035763 126.073383 120.169271
6 62.109670 82.706722 126.570511 114.117537
5 56.545415 84.760055 120.199245 130.550611
6 68.338858 76.001793 141.142223 99.812993
4 43.701753 109.267852 100.053133 137.451003
6 37.949408 122.410061 90.485799 141.323020
5 87.750658 65.494461 153.137637 87.992683
6 119.822416 86.384177 132.481960 100.454003
5 128.010511 72.342650 142.042984 92.690868
5 99.606545 64.910910 117.895516 78.980736
6 103.524885 55.758937 121.724885 71.158937
