15 85.700826 121.170738 115.017374 136.360096
16 93.614047 125.420994 120.878126 141.243232
14 75.783064 110.613341 111.013307 130.065786
9 73.064726 92.350581 102.539631 105.684359
5 118.514633 122.144643 142.773446 143.467248
12 71.938548 106.425695 101.394639 125.837290
18 105.230084 127.087770 124.843521 146.000729
8 76.968955 80.865504 100.721658 94.147071
5 83.029350 71.257916 108.026800 84.127259
4 97.300700 63.905752 117.368480 75.192913
8 125.139367 117.108514 146.435646 132.219437
9 131.484076 104.936930 149.647170 118.255338
10 130.571140 84.962886 150.171140 104.562886
