5 39.599956 110.333652 76.541126 126.865655
5 39.019178 109.314677 70.859562 122.766995
3 36.644800 105.799613 69.373076 125.692992
3 40.382079 108.070971 69.623317 127.755984
11 75.676759 132.021018 104.850892 145.856725
11 71.938521 134.300692 107.939215 150.016277
11 71.874976 132.259986 107.416783 150.374546
11 73.022040 133.420488 105.892240 149.824402
3 37.541552 108.955277 49.324451 118.904146
16 36.224348 119.054286 48.955114 128.953781
8 36.896089 111.886386 45.296089 120.286386
4 42.672798 120.934919 57.051981 131.341167
10 73.699128 132.098440 84.803547 150.040848
10 86.227849 131.352205 97.799745 149.951668
6 81.208191 85.512471 97.445500 104.360548
6 93.537375 69.199725 107.418041 91.335669
12 65.562771 61.764327 82.726004 81.376823
12 66.783934 80.282505 85.310712 95.263159
3 55.464716 103.465817 74.401522 115.509072
11 74.407881 112.868514 92.036262 127.585171
