1 12.569907 78.217444 32.666083 93.099648
1 19.550210 78.384328 43.832090 97.219402
19 26.747378 80.876787 51.932634 95.857441
19 196.069338 84.245699 220.621467 106.656633
18 187.043043 87.944118 212.972045 104.641722
1 179.279800 85.032219 203.680857 106.367870
1 142.580660 83.440923 181.347279 100.772109
19 124.887740 79.901597 170.620526 99.363612
19 110.315052 79.309881 157.317361 99.897498
19 92.519163 78.445689 140.810860 101.966106
18 81.685009 79.973285 126.954016 99.784645
19 65.227756 78.295842 114.651071 96.934779
19 52.628505 78.661912 100.180051 98.852999
