15 71.794356 131.890903 100.833812 157.282875
16 99.612726 147.216146 127.233913 168.464131
13 113.287934 168.185906 145.495541 195.514565
2 43.182018 120.173383 79.318565 147.317615
16 77.591391 129.647362 113.401027 168.263486
17 86.280652 130.085324 148.368720 164.413884
19 64.931703 118.103785 122.675749 152.681234
14 98.738226 136.186556 159.226972 175.349038
10 117.092688 166.406081 158.398382 195.182808
11 117.920633 173.241860 157.662946 204.935708
4 36.348835 131.479883 86.526523 161.244291
