10 81.297327 112.817207 128.902473 127.190994
10 79.755151 103.290333 128.019631 120.932694
8 70.399116 104.776819 126.416614 120.182930
10 75.872411 101.176779 134.755686 114.532745
8 115.885826 90.973742 136.970016 98.705494
6 110.091273 100.432539 131.003531 106.204887
17 97.242922 97.450093 110.017515 110.069523
15 82.752418 94.435213 98.247579 103.289591
9 77.840437 80.255861 92.059515 88.082099
3 88.239977 67.305445 104.604426 79.226015
17 103.712313 68.866318 118.354156 78.691286
14 112.864831 75.368750 128.768240 81.629740
