3 163.691009 120.729899 200.532561 148.814136
8 164.728826 126.278291 176.938257 133.313204
3 169.035491 122.194039 181.068424 129.400980
12 164.068716 130.600997 175.359310 140.696540
17 174.209111 121.145371 186.852206 129.574487
10 177.987993 125.550868 190.963259 135.071897
6 178.496239 132.617907 190.478629 141.717907
17 169.663740 136.855964 181.621914 143.890877
12 159.800929 118.309244 194.292703 145.101967
8 158.355296 118.904115 194.074056 144.813573
18 155.449911 119.030479 198.167140 143.540477
15 159.993997 123.073693 198.395651 147.901500
5 165.844192 117.903097 197.123035 144.113401
