12 150.988269 93.052859 176.285305 102.456115
13 153.958343 92.656791 175.063081 101.801969
13 126.963609 101.133862 149.407317 115.160788
14 128.471304 101.493255 155.807178 116.583202
12 149.457356 85.893007 175.432921 99.614989
16 91.824904 48.235019 150.687881 74.890225
15 114.668885 65.456763 183.658882 98.446004
15 105.559298 61.589831 171.363134 89.041971
15 126.315416 78.292797 198.242466 113.131425
16 142.390170 93.972117 214.097390 121.548919
14 140.613174 68.595561 161.936702 77.254083
13 120.218278 90.966026 140.496663 102.886597
18 139.488939 108.363368 157.889426 122.257971
