15 110.222753 67.405840 127.056312 82.758039
16 120.031594 72.728298 135.745255 90.670706
17 135.641146 80.201481 149.133490 97.233216
16 141.632135 86.797952 159.703789 106.322808
17 119.876881 46.353939 138.989780 65.460221
17 134.030754 51.450883 152.360826 69.076433
17 149.666431 56.524436 167.218179 74.778203
16 164.360111 61.917107 182.580158 77.205337
12 171.471296 67.808543 206.747585 84.403121
1 154.895235 97.595713 183.849371 111.348531
17 107.241452 53.713088 168.109805 80.211579
16 118.645983 60.027774 183.261181 85.266633
16 135.731153 72.015290 196.569825 95.483567
16 148.995519 79.400969 216.345275 105.139656
