17 62.119207 83.241220 98.960760 111.325458
4 79.289844 105.097040 91.499276 112.131953
16 73.566148 105.058199 85.599081 112.265140
8 84.559785 100.049613 95.850380 110.145156
13 68.955770 101.030672 81.598865 109.459788
6 69.281401 94.172990 82.256667 103.694020
2 74.445342 89.360908 86.427732 98.460908
13 83.112141 94.081094 95.070314 101.116007
8 64.907092 89.583910 99.398866 116.376633
4 65.006697 90.480989 100.725456 116.390447
13 60.682113 91.195048 103.399342 115.705046
11 63.960510 86.335456 102.362164 111.163263
19 62.793094 87.359245 94.071936 113.569549
