13 57.931452 67.188656 145.777966 139.963098
1 63.056292 64.210026 142.899262 132.448091
8 61.041806 70.572482 136.667446 130.076599
16 73.079868 88.411452 98.345202 98.236420
7 68.049724 83.727991 88.311420 97.745480
12 67.122272 82.692677 92.030849 100.023863
3 70.493567 80.566042 94.756065 96.436140
17 60.372091 84.352561 92.028157 98.422387
16 57.301601 77.809969 139.942109 122.631839
16 69.113189 93.083694 129.344860 114.794981
17 84.386901 100.168483 146.124680 121.215098
6 68.830734 74.310348 141.219201 138.729367
