3 133.545151 86.095246 148.301042 103.011510
3 122.161300 89.739840 137.783731 106.021424
4 108.048141 95.640894 122.121409 113.813951
3 96.236051 106.246834 107.642538 119.097126
4 84.725905 108.656972 98.604676 121.734051
3 135.873765 114.201055 149.851033 132.088760
3 126.021979 116.788008 137.507013 136.832958
2 108.280006 120.306202 122.795210 138.945140
2 96.292648 121.611438 109.546495 143.175529
6 149.173668 115.785086 175.773668 129.085086
18 140.343167 78.737741 164.023767 94.852952
3 82.066615 108.663232 136.251292 136.275549
4 108.385369 100.084483 166.701232 125.323342
3 93.256800 103.068679 155.487780 126.878971
3 127.625747 92.187420 187.983927 118.842626
3 149.100338 83.647183 206.764195 111.821640
