16 105.310849 142.845507 130.607884 152.248762
17 107.160346 143.963810 128.265084 153.108988
18 117.385470 115.188022 139.829178 129.214947
19 111.513680 116.822290 138.849553 131.912237
16 109.350086 143.379400 135.325652 157.101382
3 144.086856 129.843580 202.949832 156.498786
1 104.872738 131.993107 173.862735 164.982348
2 118.725742 131.885724 184.529578 159.337864
2 84.400162 130.611856 156.327211 165.450484
2 64.701720 137.012105 136.408941 164.588907
19 133.595974 152.033951 154.919503 160.692472
17 131.937813 118.640427 152.216198 130.560998
5 106.914580 117.616185 125.315067 131.510788
