9 140.685218 80.197673 176.556376 111.525273
9 137.892895 74.382880 175.523999 106.999315
16 146.953068 96.980646 158.296493 106.187709
12 142.899155 94.324358 155.768499 101.254004
4 155.202962 97.552369 164.970464 106.516743
11 161.473851 91.070452 171.911604 97.092080
17 157.932490 85.495096 166.332490 93.895096
2 149.333856 83.216641 161.055288 91.197869
7 141.458396 88.703348 155.685376 96.529586
7 156.518401 97.134756 169.173162 104.866509
16 137.488436 83.600568 179.557284 110.283334
7 138.145613 85.538995 174.607967 109.380136
1 137.890566 85.293423 171.965410 107.528755
10 139.234456 84.845859 171.786302 107.081191
