4 66.069759 92.841705 81.028753 105.461134
11 63.128969 105.433976 75.133596 119.328580
13 66.022324 113.596825 78.395310 132.077355
13 70.994607 124.073695 82.996500 139.804238
13 74.826233 131.756144 87.439017 146.785781
13 79.073822 140.744888 92.347269 154.832117
12 84.466165 94.765798 98.650361 108.939718
13 89.620800 102.390213 102.866152 120.236782
13 90.003735 116.654036 103.778524 132.006234
13 95.653424 122.823473 108.369779 141.929754
10 96.564872 140.458827 112.487023 153.905388
17 72.232467 84.057836 98.043015 97.339402
12 71.157174 130.425673 125.507119 158.399411
13 62.809098 119.274921 116.027516 142.753635
13 50.672386 99.072639 106.685095 118.797243
13 41.954639 75.404413 92.439617 99.824282
