1 106.745555 79.041450 141.216558 89.572729
1 116.908794 74.614055 145.126696 88.299727
18 113.138677 75.140279 142.446867 92.305671
19 114.966593 72.679056 143.700719 89.754473
1 121.171607 79.582605 135.956067 95.864190
1 119.246943 65.482785 135.871174 83.642356
3 106.820492 56.962998 118.286228 63.416679
10 112.020102 51.070026 126.240482 57.673813
14 109.493003 45.904262 122.115582 52.939175
3 106.042904 43.667946 117.519228 50.121627
9 99.382913 47.981310 110.488640 56.945684
6 88.334539 57.246756 112.158102 75.727286
18 95.393049 72.303077 120.570369 91.345136
2 68.990237 76.049604 105.138239 91.544765
18 52.382316 66.936400 69.130328 85.771473
3 49.968364 79.812325 71.594784 103.581423
