2 104.864860 78.461806 125.875296 96.782560
18 119.286685 78.695871 142.888811 95.022536
15 137.447666 84.722889 155.287584 101.581121
15 151.373783 90.658911 171.709634 109.571870
13 164.343063 101.037206 181.744303 122.961849
10 170.317305 120.187111 189.688034 139.497471
8 170.382085 135.607966 191.715912 153.163877
5 162.750744 153.351115 183.879641 172.367424
4 148.747309 164.199156 168.334525 181.487881
1 131.033302 171.056297 152.057481 187.914530
17 116.432174 165.701060 133.044473 185.413239
16 99.394549 163.874757 115.525427 179.417280
14 88.063768 150.687276 103.728188 172.251367
12 78.492425 138.276877 91.423603 155.193142
9 70.464804 122.284680 88.405076 138.611345
8 76.140373 107.646095 88.598639 124.475236
6 75.632338 95.784254 91.767550 116.830869
3 88.830767 82.512335 106.111554 105.991048
