9 122.366517 144.106054 151.683065 159.295413
10 124.191660 135.564833 151.455739 151.387071
8 115.238034 152.076332 150.468277 171.528777
3 101.916578 170.086763 131.391483 183.420541
17 114.245042 112.402503 138.503855 133.725108
6 117.569895 160.015970 147.025985 179.427565
12 127.195610 125.632671 146.809047 144.545630
2 94.124189 174.596014 117.876892 187.877580
17 81.699463 173.508845 106.696913 186.378188
15 71.431408 167.698428 91.499187 178.985589
2 106.122665 114.789356 127.418943 129.900279
3 93.907848 117.601767 112.070942 130.920175
4 78.417823 122.535420 98.017823 142.135420
