18 89.751161 123.489066 164.634804 140.481586
18 93.856854 119.135506 164.691874 139.656493
18 98.582675 113.315595 165.137915 137.220706
18 96.040232 114.275431 161.155284 134.069626
18 96.170408 111.619912 155.719800 139.999738
18 107.399769 119.561216 176.021194 141.100410
19 106.948868 117.800846 180.315413 143.475134
1 112.171977 111.457608 187.681182 145.711247
19 107.397885 115.552502 175.987170 145.832395
18 108.083659 115.993747 182.682117 143.106690
18 92.743086 119.328043 145.823939 137.270451
17 83.279195 116.712156 134.631997 137.120487
17 78.081714 115.307644 126.638740 136.319308
1 73.642068 114.642828 125.133643 141.825911
19 86.385725 134.895009 96.465485 150.005932
1 97.850295 139.272961 108.503059 147.788829
18 109.283413 138.012428 120.159971 152.729085
19 119.324552 139.557162 133.786674 153.309980
2 128.905720 118.385610 174.405720 135.185610
2 140.251698 117.674495 189.951698 134.474495
2 151.519959 115.524859 201.977651 130.241516
2 84.521549 110.890460 96.504192 122.872530
1 96.326444 105.572953 111.206294 123.987078
18 113.750000 108.971576 126.963241 122.123382
1 124.877736 111.283227 136.210835 120.490290
