2 111.586331 88.326744 154.378036 108.663268
1 106.629654 96.946426 157.039375 111.426288
2 113.531188 88.250877 156.145035 116.275390
2 110.169973 93.934438 156.655455 119.900665
2 127.583498 77.133431 139.110423 95.130375
1 131.036656 80.440183 141.715075 92.665157
19 131.299903 75.088178 144.486743 94.899538
15 131.654449 110.594174 143.926629 118.420412
19 136.800325 112.117723 146.365159 120.888698
7 140.531387 111.162922 154.091317 119.933896
13 143.986539 103.167970 153.786539 112.967970
18 104.969233 91.592783 134.057999 105.766702
2 96.137191 92.381152 119.246754 106.812021
4 81.696524 98.535580 105.612872 112.605406
3 78.411397 95.595707 104.567882 115.394697
3 68.017217 97.663027 94.422751 119.078909
