12 106.889861 107.675625 121.645752 124.591890
12 103.901316 96.836962 119.523747 113.118547
13 98.884301 80.562143 112.957570 98.735200
11 93.209470 69.555883 104.615957 82.406174
13 90.172622 59.017480 104.051392 72.094559
11 78.622012 107.130040 92.599280 125.017745
12 76.985633 94.724851 88.470667 114.769801
11 73.794148 79.044119 88.309352 97.683056
11 72.543946 64.801170 85.797793 86.365261
14 71.650725 129.036904 98.250725 142.336904
9 109.381156 119.850267 133.061756 135.965477
11 61.543212 68.693510 115.727890 96.305826
12 67.239318 98.876648 125.555181 124.115507
12 63.936139 86.293664 126.167119 110.103956
11 71.976163 118.882127 132.334343 145.537332
12 79.680964 138.743649 137.344821 166.918106
