15 85.122789 135.339194 101.201537 151.301650
17 99.356335 146.433530 113.516741 163.131135
1 113.003452 150.096510 129.598063 169.808689
2 126.172867 150.786401 141.963352 169.738182
4 136.202017 147.944209 154.909836 170.080152
4 149.713897 144.784005 167.434291 162.339916
5 158.903419 140.016115 177.502180 158.269882
6 167.482535 133.452755 187.178887 148.868656
9 173.299368 116.922347 191.664808 133.083102
10 182.356181 102.746795 199.456472 121.280279
13 180.465838 87.515647 199.559671 103.676402
16 168.696345 70.352366 187.237458 90.250104
18 151.880276 65.529499 169.628391 81.491955
1 134.267841 60.242124 153.156143 80.650455
4 114.531511 62.778692 136.468331 80.487447
4 100.301884 70.445080 121.329638 85.161737
6 90.545180 81.739356 107.128681 99.558447
6 81.722571 94.348622 96.378091 113.658982
11 75.582778 116.168704 91.007221 140.708671
