2 122.434457 50.039039 210.280971 122.813481
8 121.840899 49.537149 201.683870 117.775214
15 124.493964 58.452304 200.119603 117.956421
5 138.776269 93.438796 164.041603 103.263764
15 136.379674 97.621836 156.641370 111.639325
1 135.098395 94.847406 160.006973 112.178592
11 133.712334 91.765562 157.974832 107.635660
6 130.653004 99.680078 162.309069 113.749904
6 120.812756 65.979776 203.453264 110.801646
6 135.730698 78.171581 195.962369 99.882869
6 146.580019 65.548696 208.317798 86.595311
13 133.979204 52.177678 206.367671 116.596697
