2 115.816406 113.489054 132.649965 128.841253
2 127.626396 110.529406 143.340057 128.471813
3 144.041691 105.961180 157.534035 122.992916
3 153.156860 104.604206 171.228515 124.129062
3 109.121168 90.320771 128.234066 109.427053
4 122.438799 84.634789 140.768871 102.260339
4 137.537970 77.605121 155.089719 95.858888
3 150.729983 71.461230 168.950030 86.749460
16 157.998105 64.651880 193.274394 81.246458
6 166.666354 100.188329 195.620490 113.941147
3 101.852077 88.851570 162.720431 115.350060
2 113.479059 84.347097 178.094256 109.585956
2 134.011315 82.662002 194.849986 106.130278
2 148.558303 76.180515 215.908060 101.919202
