8 75.536541 102.434567 140.391456 125.865021
9 88.801368 84.446089 140.606097 111.750163
7 82.894645 89.937736 147.787326 115.154989
8 83.198985 87.164087 146.160084 121.400056
8 94.816916 67.785097 152.391911 91.952845
8 87.131626 92.346333 141.841683 110.343277
8 78.809600 106.500797 132.914237 133.548348
8 71.639777 133.807642 130.938896 150.044021
8 64.261237 146.166834 124.105659 165.879013
8 81.516081 130.255278 96.382515 144.411902
9 77.262116 146.314365 93.362116 157.514365
9 77.753715 137.433950 95.287579 148.655803
8 108.033756 139.771652 119.568505 151.316348
8 105.381850 150.156273 117.645547 158.814794
9 103.930847 154.929807 116.530847 160.529807
