2 72.040251 113.342700 146.923895 130.335220
2 75.134821 108.433421 145.969840 128.954408
2 78.292883 101.978010 144.848123 125.883120
2 75.572470 104.119773 140.687522 123.913968
2 76.422610 102.272774 135.972001 130.652600
2 88.247471 104.549352 156.868896 126.088547
3 87.785740 102.113212 161.152285 127.787499
3 91.926888 93.740994 167.436093 127.994632
3 88.370356 100.524970 156.959641 130.804863
2 88.442908 99.772922 163.041367 126.885866
2 74.248463 112.109174 127.329316 130.051582
1 64.934433 113.109042 116.287236 133.517374
1 59.757506 114.026789 108.314533 135.038453
3 56.325111 114.232586 107.816686 141.415669
3 74.411142 136.350681 84.490903 151.461604
3 85.536564 136.644373 96.189327 145.160240
2 96.902702 131.324255 107.779260 146.040912
3 106.593672 128.757454 121.055794 142.510272
4 107.941120 100.186077 153.441120 116.986077
4 118.232990 94.919052 167.932990 111.719052
4 127.707353 88.978330 178.165045 103.694987
4 63.856907 114.200304 75.839550 126.182374
3 74.143770 104.476568 89.023620 122.890693
2 90.829299 102.154707 104.042541 115.306513
3 101.458684 100.961511 112.791783 110.168573
