16 98.896323 126.620691 133.367326 137.151970
16 109.421798 126.744828 137.639700 140.430499
14 104.935139 125.011467 134.243329 142.176858
15 107.921892 123.887301 136.656018 140.962718
16 110.534074 129.172589 125.318535 145.454174
16 116.339863 116.876560 132.964094 135.036131
17 114.871022 102.349137 126.336758 108.802818
6 122.218229 101.280697 136.438609 107.884484
10 123.131949 95.102451 135.754528 102.137364
17 121.858831 91.015498 133.335155 97.469180
6 113.242716 90.395476 124.348442 99.359850
3 94.998857 94.435035 118.822420 112.915565
15 91.861447 111.154512 117.038766 130.196571
17 68.109805 102.546443 104.257808 118.041604
14 60.528889 79.689734 77.276901 98.524808
17 49.310023 89.805405 70.936442 113.574503
