16 53.089470 89.972735 112.999820 116.156576
15 57.574098 104.521189 116.826524 128.654697
16 63.620804 96.034330 128.081644 127.445145
16 53.440186 85.839913 117.094015 131.630469
16 72.536068 106.708850 145.339433 130.520050
15 37.250872 83.460909 93.602252 111.644060
17 28.783454 83.258104 81.319845 102.171063
16 91.511567 119.118787 156.898546 141.617010
17 103.597277 133.667061 116.256821 147.736887
16 115.931433 135.827116 129.963906 156.175334
16 116.229944 110.748076 134.518916 124.817902
17 125.523085 111.306250 143.723085 126.706250
