16 81.167138 172.290919 114.977935 190.448871
15 86.615310 174.112580 124.699427 207.995537
5 24.741714 177.405599 66.366707 197.231918
4 30.259176 173.916315 64.243437 202.083409
6 33.537840 171.133587 51.276672 187.096043
6 49.338059 178.722277 62.130873 196.109917
16 96.790548 165.217462 109.406592 179.005863
15 88.786862 177.756873 102.566482 191.563031
15 88.335532 163.946853 116.569986 195.039779
6 34.823148 171.035697 62.342396 198.621382
15 51.035346 152.655310 65.993768 166.655310
15 41.130429 140.622474 57.148751 160.084488
6 75.831666 148.717686 93.181637 162.717686
6 85.704543 136.694180 99.145240 154.361381
