13 141.987808 89.171998 172.355224 101.593299
14 140.228698 88.346758 165.967385 99.667864
14 130.937535 78.534207 161.329145 97.325643
14 138.018689 76.241458 163.315724 100.836624
14 133.936186 82.557690 147.028778 98.520146
15 143.008171 70.220451 158.084562 90.950381
16 122.876356 127.951436 135.476356 134.251436
12 120.349860 125.124400 131.284210 130.591575
3 129.600145 128.189940 140.066223 134.211568
2 125.400413 115.673253 137.221889 123.114355
3 140.744300 111.952528 159.827649 130.273281
15 150.766678 94.060476 170.469534 108.337731
13 170.867175 121.926705 186.537184 138.521282
18 187.100758 107.458959 202.853544 130.076651
