2 85.116330 109.982254 115.483747 122.403555
2 90.343959 107.370448 116.082646 118.691554
3 96.402265 99.744607 126.793876 118.536043
3 96.549008 100.736886 121.846044 125.332051
3 104.966752 94.935609 118.059345 110.898064
3 108.974479 105.794141 124.050870 126.524071
5 72.755959 72.939914 85.355959 79.239914
19 77.918182 71.606663 88.852531 77.073838
10 71.431350 78.206473 81.897428 84.228101
9 82.972376 79.081518 94.793853 86.522620
9 70.053208 90.276835 89.136557 108.597588
3 83.733160 109.837129 103.436015 124.114383
2 51.878571 113.393604 67.548581 129.988182
7 55.683304 129.909625 71.436091 152.527317
