16 97.195283 89.750837 126.511831 104.940196
17 105.677041 92.998167 132.941120 108.820405
15 86.172612 80.244213 121.402855 99.696657
10 80.541272 62.967771 110.016177 76.301550
6 130.276692 86.470572 154.535505 107.793177
13 81.807957 77.034376 111.264048 96.445970
1 117.664303 93.549425 137.277740 112.462384
9 82.833303 51.449545 106.586006 64.731111
6 87.462858 41.007401 112.460308 53.876745
4 100.485986 32.091338 120.553766 43.378499
9 135.718227 80.797847 157.014506 95.908771
10 140.197743 68.088453 158.360837 81.406862
11 136.943965 48.305296 156.543965 67.905296
