6 66.610248 142.407094 101.081250 152.938372
6 71.695313 133.494856 99.913215 147.180527
5 71.019107 135.694336 100.327297 152.859728
6 70.231918 133.000443 98.966044 150.075861
7 81.939890 137.927955 96.724350 154.209540
7 69.904610 129.871030 86.528840 148.030601
8 51.974629 139.058332 63.440364 145.512013
15 49.909006 130.229397 64.129386 136.833183
19 44.752863 129.690990 57.375442 136.725903
8 40.886656 131.673951 52.362980 138.127633
14 41.399726 139.236830 52.505453 148.201204
12 43.418307 146.663485 67.241870 165.144016
6 59.645443 149.435054 84.822762 168.477113
7 43.147423 169.101366 79.295426 184.596526
5 31.070477 183.962387 47.818489 202.797461
8 40.899885 190.708818 62.526305 214.477916
