6 48.054362 59.575201 90.616434 85.615464
15 98.449242 44.247791 141.690889 71.333623
2 79.869937 40.716868 110.002477 72.250857
12 49.414458 89.536335 80.984380 105.533214
13 98.302009 66.359669 148.828240 83.757463
16 92.638003 44.197042 129.843513 70.751115
16 64.486738 94.695640 86.265627 115.484579
2 90.322896 92.085512 113.927150 124.353918
5 107.477991 87.224559 130.956704 113.833768
8 118.705638 77.606064 144.300136 99.940343
2 58.279792 57.592597 147.631350 108.769252
8 52.999102 58.088530 144.773158 105.285351
12 49.265967 70.950177 153.565967 102.450177
15 63.887732 63.847305 152.808902 109.653200
