19 126.757523 10.883014 145.302150 26.845470
17 139.805579 9.726606 157.937900 28.100773
14 154.519017 17.621703 172.221463 37.666652
12 164.430634 33.170880 182.125181 51.330450
9 164.407909 48.597553 187.204959 62.403711
5 162.676355 65.630525 178.264021 84.044650
1 144.775899 75.691661 162.472772 92.093185
17 133.168635 76.828689 147.048635 91.445118
17 120.637341 74.444476 134.493082 89.555399
13 106.118401 65.849858 121.647433 82.010613
11 96.978785 51.774557 112.840320 66.755211
8 99.093392 34.529723 112.397260 50.024884
4 106.349429 14.485805 123.423789 35.298301
