12 47.653445 86.401317 68.663881 104.722071
10 43.414568 71.939841 67.016695 88.266506
7 50.400685 55.667094 68.240603 72.525326
7 53.936512 38.644205 74.272364 57.557163
5 65.571534 24.094372 82.972774 46.019015
2 81.287405 16.027019 100.658134 35.337379
18 94.562328 13.844015 115.896155 31.399926
15 114.034697 18.201364 135.163594 37.217673
14 126.748802 32.306111 146.336019 49.594835
11 134.972898 48.427110 155.997076 65.285342
9 135.627895 64.190347 152.240194 83.902526
8 134.400216 83.929685 150.531095 99.472207
6 126.165187 93.786692 141.829607 115.350783
4 114.463160 108.992742 127.394337 125.909006
19 96.598783 117.023577 114.539055 133.350243
18 84.684043 115.868664 97.142309 132.697805
15 73.002221 113.799807 89.137433 134.846421
13 58.574307 100.624414 75.855094 124.103128
