2 73.541278 60.885338 110.382831 88.969576
6 95.327036 79.302204 107.536468 86.337117
19 90.258220 81.896789 102.291153 89.103731
10 98.475926 72.454188 109.766521 82.549731
16 84.566060 80.196196 97.209155 88.625313
9 81.972634 73.803217 94.947900 83.324246
5 84.347636 67.419563 96.330026 76.519563
15 93.745285 67.808673 105.703459 74.843586
10 78.739710 65.874815 113.231485 92.667538
7 78.968360 66.398514 114.687120 92.307972
16 74.740240 67.485712 117.457468 91.995710
14 75.762430 62.629718 114.164084 87.457525
4 75.889035 65.613419 107.167878 91.823723
