14 93.580018 150.127245 118.029967 173.147098
10 89.777480 150.397500 119.219117 161.581621
17 99.526840 162.283522 130.902149 188.246133
9 131.606228 156.723288 156.893577 170.857557
13 125.999797 132.127049 147.744912 151.767283
15 89.795972 108.179535 131.526776 120.344148
15 113.212436 108.506774 130.126383 121.788341
12 99.189780 117.735846 116.112889 128.259153
11 135.000603 144.548828 152.128062 163.148290
4 119.927747 164.555883 137.427747 182.755883
7 96.191881 138.185509 111.791874 154.512174
