12 90.290814 122.917825 141.563126 143.287687
12 91.115149 126.707677 142.334872 144.949945
12 93.329746 126.155430 146.754928 150.054469
12 86.265364 125.262960 138.169314 151.570559
12 96.241421 136.272579 111.727949 158.716286
14 100.933347 142.733532 113.501434 156.890155
4 106.990702 148.518118 125.301863 154.856888
13 127.077747 118.269061 150.177747 141.369061
3 124.292748 141.134468 140.557621 151.033963
12 89.674172 88.368695 116.579167 118.671500
12 84.048411 63.187878 109.183654 101.916292
