6 106.406699 101.595289 154.011845 115.969076
6 102.922864 107.296827 151.187344 124.939188
5 103.888459 111.006270 159.905956 126.412381
6 94.147858 112.293942 153.031132 125.649908
5 88.244846 114.954868 109.329035 122.686621
3 97.811010 111.860091 118.723268 117.632439
14 116.460173 117.027222 129.234766 129.646651
12 123.639717 130.020940 139.134878 138.875317
6 121.198117 145.936802 135.417195 153.763040
17 104.618591 147.056763 120.983039 158.977333
14 93.360922 139.926786 108.002764 149.751755
11 86.934882 132.521253 102.838291 138.782244
