2 94.353536 92.879612 154.263885 124.791924
19 79.451413 90.025103 157.832661 125.070540
19 80.093307 98.556014 153.589973 124.126027
2 83.693500 92.375191 154.376171 121.038768
18 61.845926 99.173132 126.392734 122.703963
1 56.909768 99.934506 111.968721 121.668351
1 79.621897 99.362972 134.784822 122.292648
3 109.826561 96.037075 167.226561 114.937075
3 122.745271 92.664436 185.745271 113.664436
3 127.076745 86.937226 188.703337 110.747518
18 81.019095 118.254697 95.295791 133.985240
19 97.366283 120.826337 112.343758 130.576209
18 109.096082 118.409923 123.700557 132.198324
19 117.875655 117.639359 132.538742 129.373497
18 83.088745 89.137922 99.104844 108.257023
18 97.487712 92.149968 116.430765 105.614737
2 106.955281 93.508354 123.087642 104.730207
3 130.531279 116.665021 146.651217 130.682510
3 144.504435 107.448824 164.104435 122.148824
4 138.502512 114.399376 153.469297 125.794550
3 158.589284 102.012858 177.515294 115.331266
3 128.925707 82.309897 145.025707 102.609897
3 148.088095 76.723565 164.238532 94.279476
