10 115.627590 21.879633 130.214896 40.093090
11 117.408361 38.915094 131.461471 57.931403
10 119.212617 53.253849 132.362562 70.068426
10 119.317878 68.045977 130.471965 81.364386
12 129.898236 18.999639 144.765331 36.045753
12 138.090923 29.831687 148.956561 48.205854
11 138.827311 44.044187 151.601112 65.333856
11 142.931642 57.023144 153.961696 79.269492
10 147.008005 73.848969 157.488009 95.594083
6 141.955592 86.966868 176.744794 105.341035
14 112.563539 83.353723 136.550048 99.084267
10 111.934909 17.077215 171.292868 52.105204
10 113.870782 35.667069 168.313828 70.778890
10 114.240122 58.643033 173.437802 88.117937
10 115.704390 78.669725 171.270828 109.541233
