4 100.763428 63.562557 160.673778 95.474869
3 97.228598 60.867748 175.609846 95.913185
3 99.772800 61.407913 173.269467 86.977926
4 101.061048 64.986592 171.743719 93.650169
3 125.169294 53.553186 189.716102 77.084017
4 138.812190 50.639698 193.871143 72.373542
4 117.953420 59.276681 173.116345 82.206356
5 90.391987 78.910817 147.791987 97.810817
5 74.176933 86.376029 137.176933 107.376029
5 73.291916 90.401747 134.918508 114.212038
3 149.575964 41.159493 163.852659 56.890037
3 134.141877 51.323843 149.119352 61.073715
3 123.944584 54.362475 138.549059 68.150876
3 116.599156 60.614777 131.262242 72.348915
3 157.174765 65.712453 173.190864 84.831554
2 141.145027 74.822560 160.088080 88.287329
5 135.088799 79.006775 151.221159 90.228628
5 103.575729 64.764014 119.695667 78.781503
5 91.090752 78.921550 110.690752 93.621550
6 98.851768 72.350421 113.818553 83.745595
5 81.360436 90.801178 100.286446 104.119586
5 117.757393 89.480947 133.857393 109.780947
5 103.033650 105.014088 119.184088 122.569999
