15 43.583449 89.011468 74.391402 103.715276
14 43.675938 91.037986 75.454704 115.050991
14 44.961983 92.883854 78.743783 119.631403
6 38.892518 63.472675 70.423614 82.379337
3 75.010010 107.546150 103.227912 121.818897
18 64.972299 105.579856 98.579590 124.403679
12 35.481002 80.303115 57.689841 96.033659
10 34.334456 73.702123 55.261220 84.636472
18 60.703357 60.642182 75.450678 74.233723
18 74.489217 58.121378 87.933474 72.687435
8 101.482008 82.987186 119.157200 93.009661
6 95.080325 94.347947 111.880325 108.347947
6 87.599783 102.082550 105.099783 121.682550
16 59.257898 105.609271 91.450458 129.223250
