5 70.921534 73.895589 130.831884 100.079430
5 57.123562 75.681401 116.375988 99.814909
6 57.130702 81.609579 121.591543 113.020394
5 63.010038 64.876843 126.663867 110.667400
6 43.123019 96.444044 115.926384 120.255244
5 82.311655 57.134698 138.663035 85.317849
6 91.423263 52.873455 143.959655 71.786414
6 31.733395 109.070917 97.120374 131.569139
7 51.524166 96.931187 64.183710 111.001013
6 42.545888 105.143838 56.578361 125.492057
6 67.210586 117.464319 85.499557 131.534145
6 63.830695 125.477229 82.030695 140.877229
