11 143.538895 112.612224 157.516550 130.986391
12 138.599110 92.796336 153.361318 115.991594
12 134.192631 80.448306 150.650018 100.493255
12 131.203089 63.954955 143.123989 87.097340
13 124.134363 123.498057 139.632530 142.514366
14 120.174681 112.357842 131.499980 131.464124
13 112.204342 102.443174 123.412452 120.656631
14 103.375674 92.919853 116.108448 107.769095
12 97.630085 85.628465 108.144345 98.946874
8 79.042934 61.856099 108.000014 76.705341
17 114.427015 48.655280 139.817871 64.525378
12 112.647943 112.162658 160.402148 138.147654
12 105.450628 96.914543 156.700122 124.295193
13 94.852344 77.084843 148.052344 100.184843
