15 129.336230 98.678462 141.045504 112.573065
18 118.384860 90.615289 131.658308 110.963508
2 103.419361 88.303898 119.613661 108.016077
5 85.871412 96.926388 101.972513 115.420171
8 78.340715 110.515629 95.662037 128.015629
10 77.372386 125.896384 96.090815 145.806432
15 83.763190 144.266406 103.686000 159.409721
16 96.273851 154.804748 113.037552 169.686952
2 114.860169 156.667027 131.783212 174.292577
7 132.973569 153.823147 148.812761 164.712591
9 141.350669 137.253992 157.473735 153.640572
12 141.387241 121.227738 157.665157 140.877674
13 139.591201 109.407002 152.276662 124.902163
