9 29.936658 64.688449 50.947094 83.009202
8 31.702945 50.250123 55.305072 66.576789
5 44.386465 36.680707 62.226383 53.538939
5 53.565985 22.614591 73.901836 41.527549
3 69.346997 12.823464 86.748237 34.748108
18 87.358541 11.694887 106.729270 31.005247
16 100.741744 15.075285 122.075572 32.631196
13 116.897843 26.318272 138.026740 45.334581
11 123.782137 43.932890 143.369353 61.221614
9 125.396668 62.245641 146.420847 79.103874
6 119.725033 76.176161 136.337332 95.888340
5 111.990781 94.079896 128.121660 109.622419
3 99.552018 99.827656 115.216438 121.391746
2 83.975866 109.200076 96.907043 126.116340
17 64.331963 110.913709 82.272235 127.240375
15 53.822920 104.334460 66.281186 121.163601
13 42.842914 98.575316 58.978126 119.621931
11 33.903926 81.080534 51.184713 104.559248
