18 51.379773 160.686298 68.953119 179.495338
16 37.229594 155.736357 52.722997 173.292268
15 22.710423 147.567352 37.824638 165.509760
12 11.576023 132.953443 28.095651 150.270487
12 7.398458 123.676029 20.507950 137.140798
10 -0.216443 108.040280 17.391261 123.020934
9 0.180812 91.118788 15.363188 108.449974
6 8.460344 74.573359 23.202949 94.495708
3 19.168909 61.746944 37.480577 78.576085
18 38.925570 58.512275 56.728331 77.347348
17 55.693960 60.019846 77.411711 79.061905
15 69.877883 70.381510 91.466853 88.755677
15 82.455343 79.110875 104.558702 95.073331
12 92.261917 90.686579 111.657687 108.409163
11 99.388402 105.796410 118.496610 121.789534
10 103.638877 118.150077 123.134892 136.214960
3 68.018433 161.005448 82.655948 177.834589
4 81.586752 158.584745 99.843457 176.140656
7 97.376185 149.166541 110.325010 165.159665
10 102.771827 132.833357 117.984266 151.313887
