8 108.344841 117.417523 133.641877 126.820778
9 109.421595 117.528768 130.526334 126.673946
10 136.862817 119.779208 159.306524 133.806134
11 131.535847 116.396985 158.871721 131.486932
8 106.366296 120.130292 132.341861 133.852274
13 108.323717 161.942177 167.186694 188.597383
12 90.397710 126.695792 159.387707 159.685033
12 97.550897 140.763101 163.354732 168.215241
12 85.099059 107.151418 157.026108 141.990046
12 78.054704 92.104627 149.761925 119.681429
11 107.657320 145.397422 128.980848 154.055944
10 138.637761 134.496549 158.916146 146.417119
15 133.772762 108.204385 152.173249 122.098989
