9 58.528493 110.891075 92.999496 121.422353
9 62.979948 116.789388 91.197850 130.475059
8 60.888749 111.423883 90.196939 128.589275
8 63.306857 113.497153 92.040983 130.572570
9 64.077297 111.788267 78.861757 128.069852
9 76.239549 112.602742 92.863779 130.762313
11 95.997309 106.766158 107.463045 113.219839
18 98.943350 114.333929 113.163730 120.937716
3 105.275792 111.894252 117.898371 118.929165
11 109.157108 108.774937 120.633432 115.228619
17 105.318601 99.666087 116.424328 108.630461
14 86.217599 87.405374 110.041162 105.885905
8 68.930510 91.502202 94.107829 110.544261
10 65.864194 72.405052 102.012196 87.900212
8 88.314507 46.549608 105.062520 65.384682
10 70.862396 40.917320 92.488815 64.686418
