2 101.944211 156.775521 122.954647 175.096274
19 85.057004 159.902527 108.659130 176.229192
16 72.167922 154.699617 90.007839 171.557849
16 55.196715 148.057874 75.532566 166.970833
14 44.170043 135.715581 61.571283 157.640225
11 34.697694 119.854372 54.068423 139.164732
9 31.406237 106.334502 52.740064 123.890413
6 37.603020 86.527207 58.731917 105.543515
4 52.221731 76.157079 71.808947 93.445804
2 67.855223 68.274447 88.879401 85.132680
17 87.146645 69.295957 103.758944 89.008136
16 104.940819 73.771128 121.071698 89.313650
14 117.581011 79.890445 133.245431 101.454536
13 131.128154 95.939295 144.059332 112.855560
10 135.545169 111.977747 153.485442 128.304413
8 136.616713 126.314872 149.074979 143.144014
6 134.302904 134.038081 150.438116 155.084696
4 121.062042 146.032267 138.342829 169.510980
