10 78.928618 129.536670 112.739415 147.694622
9 72.197643 133.084906 110.281760 166.967863
17 43.610491 86.194714 85.235483 106.021033
16 47.689551 83.834606 81.673812 112.001700
18 61.084917 81.299331 78.823749 97.261787
18 63.032410 96.279083 75.825224 113.666722
10 100.056876 131.445002 112.672920 145.233403
9 84.897003 131.282716 98.676622 145.088874
9 85.532066 125.924278 113.766521 157.017203
18 54.334237 83.692733 81.853485 111.278417
9 87.381199 86.500138 102.339621 100.500138
9 90.219385 70.999257 106.237707 90.461272
18 102.591553 107.041140 119.941525 121.041140
18 117.330028 106.969984 130.770725 124.637185
