15 69.381261 195.941196 86.954607 214.750236
13 58.812508 185.294979 74.305911 202.850889
13 48.809009 171.832920 63.923224 189.775328
9 44.647668 154.266531 61.167297 171.583574
10 45.535578 143.565033 58.645070 157.029801
7 44.435924 127.033072 62.043628 142.013726
6 51.308242 111.141256 66.490618 128.472442
4 65.093652 99.192399 79.836257 119.114748
18 80.568166 92.689997 98.879834 109.519138
16 99.546488 97.580531 117.349249 116.415605
14 114.040661 106.565322 135.758412 125.607381
13 122.925247 121.802975 144.514216 140.177142
12 131.333005 135.102223 153.436364 151.064679
10 135.342581 149.039125 154.738351 166.761709
9 136.071374 165.757524 155.179583 181.750647
7 134.491594 178.761295 153.987609 196.826178
18 84.981180 202.488837 99.618694 219.317979
1 98.056795 206.500760 116.313500 224.056671
4 116.859155 203.307044 129.807979 219.300168
7 127.827915 190.933367 143.040353 209.413897
