3 108.567491 100.850254 142.400020 111.617950
3 110.978490 95.821164 145.113809 116.750001
4 109.556017 96.500726 147.826240 114.857298
5 104.705176 106.845277 133.167300 122.684468
4 103.587980 113.084601 127.439977 125.991963
4 97.028869 116.185332 120.628987 128.569597
4 117.950780 86.244595 131.351984 96.193464
6 134.112492 109.426402 145.703406 121.076724
17 125.131591 113.811320 136.457410 123.018382
8 116.406472 92.242501 124.616199 100.223729
14 133.137105 100.996929 146.141533 107.450610
12 126.681850 89.754870 139.383521 98.881753
