9 46.594556 109.498832 106.504906 141.411145
8 34.296442 112.870901 112.677689 147.916338
8 39.739120 120.545866 113.235787 146.115879
9 37.478580 115.416681 108.161251 144.080258
7 36.435843 142.918792 100.982651 166.449623
8 37.898595 152.925344 92.957547 174.659188
8 45.282823 130.812124 100.445749 153.741799
10 49.312358 101.471519 106.712358 120.371519
10 49.433772 84.803009 112.433772 105.803009
10 47.220505 78.544539 108.847097 102.354831
8 73.984214 157.398597 88.260909 173.129141
8 78.674139 144.464749 93.651614 154.214621
7 82.243257 131.401782 96.847733 145.190183
8 83.382088 123.514682 98.045174 135.248821
7 48.142992 143.997216 64.159091 163.116317
7 52.018629 131.886337 70.961682 145.351106
9 56.272799 125.461950 72.405159 136.683803
10 87.169304 109.772619 103.289242 123.790108
10 82.153564 91.684855 101.753564 106.384855
11 86.771411 102.927499 101.738197 114.322673
10 81.173455 77.382121 100.099465 90.700529
10 57.140011 97.996646 73.240011 118.296646
10 56.782391 78.961027 72.932829 96.516937
