7 134.277951 66.649150 170.149110 97.976750
6 133.657877 60.498162 171.288982 93.114597
14 138.786417 80.634365 150.129842 89.841428
10 136.476942 76.993883 149.346286 83.923529
2 146.267147 84.085895 156.034649 93.050269
9 155.120487 80.817401 165.558241 86.839029
14 153.655457 73.808898 162.055457 82.208898
18 146.580430 69.017354 158.301862 76.998582
4 137.117894 71.486365 151.344874 79.312603
5 147.767239 84.828528 160.422000 92.560281
14 130.666779 69.927885 172.735627 96.610651
5 131.292309 70.986628 167.754664 94.827769
17 131.562108 70.258313 165.636952 92.493645
8 133.034578 70.073886 165.586424 92.309218
