18 96.392016 93.249483 161.246931 116.679938
1 119.959865 94.865777 171.764595 122.169852
17 109.170973 97.383496 174.063654 122.600750
18 108.306733 92.556029 171.267833 126.791998
18 136.667296 101.692805 194.242291 125.860552
18 115.278752 99.925749 169.988809 117.922693
18 95.599217 90.498437 149.703854 117.545988
18 70.630615 95.594410 129.929734 111.830789
18 55.164008 89.571028 115.008429 109.283207
18 95.000237 83.644729 109.866671 97.801353
1 79.376562 84.334827 95.476562 95.534827
1 87.596760 83.817849 105.130623 95.039703
18 93.348471 110.912547 104.883220 122.457243
18 83.770282 111.816354 96.033979 120.474876
1 80.172684 112.705369 92.772684 118.305369
