6 93.574002 155.710944 110.407561 171.063143
6 102.116886 146.316032 117.830547 164.258440
7 112.427115 133.548813 125.919460 150.580548
6 119.179310 125.350478 137.250964 144.875334
7 75.184069 140.173385 94.296967 159.279667
7 82.031346 128.002250 100.361418 145.627799
7 90.126919 113.472152 107.678668 131.725919
6 96.005405 100.723751 114.225452 116.011982
2 96.387846 85.647621 131.664134 102.242198
9 124.478408 111.000106 153.432543 124.752924
7 66.514866 130.065883 127.383219 156.564373
6 72.333453 118.470527 136.948651 143.709386
6 87.564574 106.082782 148.403246 129.551058
6 95.309292 89.964016 162.659049 115.702703
