7 120.773737 89.791792 163.335809 115.832055
16 73.456277 113.482261 116.697924 140.568093
3 104.932266 107.745251 135.064807 139.279239
13 125.571131 69.543067 157.141054 85.539947
14 63.088277 102.042569 113.614508 119.440364
17 85.201849 112.374241 122.407359 138.928314
17 119.035235 61.672333 140.814124 82.461273
3 91.268006 57.964414 114.872260 90.232819
6 76.019913 71.604636 99.498626 98.213845
9 65.145344 87.626262 90.739842 109.960541
3 62.356692 73.247522 151.708250 124.424177
9 65.425183 75.927488 157.199238 123.124310
13 55.722283 79.337486 160.022283 110.837486
17 56.597160 73.458138 145.518330 119.264033
