9 90.852871 158.916073 127.681121 180.164058
9 91.900627 165.742151 127.710262 182.592799
9 93.208124 163.996693 129.154334 182.324361
8 92.568462 162.721526 128.330173 182.355158
5 62.726738 138.752967 99.833341 149.959753
5 62.961856 139.601773 102.124338 150.721092
4 67.923788 134.457745 103.685499 156.630532
8 109.527343 170.392043 124.089696 187.947954
7 99.402067 162.606288 112.736171 183.895957
5 73.971145 133.370665 87.223283 153.391154
4 80.548714 144.948361 96.877755 161.468954
5 101.370492 135.425320 132.175582 151.077796
8 116.882536 107.390975 137.182536 127.690975
5 132.811242 116.389173 154.157481 132.983751
