13 142.957542 183.500969 157.544847 201.714425
14 133.447181 168.582741 147.500291 187.599050
13 126.297833 158.761277 139.447777 175.575854
13 121.752629 148.668010 132.906715 161.986418
15 131.893123 194.100399 146.760218 211.146513
15 122.904835 186.383600 133.770473 204.757767
14 112.875147 172.039895 125.648948 193.329564
14 104.395623 161.358665 115.425676 183.605013
13 93.310102 148.955203 103.790106 170.700318
9 69.401241 144.084861 104.190443 162.459028
16 107.626096 132.854708 131.612604 148.585251
13 102.475594 181.003206 161.833553 216.031195
13 96.356377 164.412708 150.799422 199.524529
13 81.804226 150.932620 141.001906 180.407525
13 73.879471 131.937491 129.445909 162.808999
