1 71.566880 87.556677 131.329829 114.868030
1 58.748102 77.742969 135.665330 114.925721
18 63.737187 84.014372 138.885374 107.459058
3 66.003283 79.394896 138.887369 121.645916
3 88.811718 86.325659 153.968116 103.140236
2 106.433166 79.532594 171.699383 99.182530
19 45.427074 89.150911 101.452981 113.074121
2 59.266470 89.661269 120.590139 113.625409
19 54.544435 104.386579 77.330405 122.586579
18 72.228947 103.516519 91.163598 127.936388
18 91.788543 108.166827 111.094495 126.647358
18 55.689221 85.167112 79.371353 101.761690
2 67.454054 83.541037 93.763374 95.624911
1 87.325588 79.966670 110.737167 96.795812
