19 119.446480 73.768821 132.610230 85.689392
2 134.935807 87.965600 144.242718 99.886171
15 142.219051 90.414411 157.868391 101.701572
13 149.537496 97.018404 164.828071 113.657214
7 149.556904 115.729495 167.527404 127.954470
2 136.795764 121.173321 154.639560 134.619881
16 127.028525 120.385012 143.250464 133.462091
12 118.000788 111.203795 132.591045 123.725776
7 116.492565 93.544910 130.804006 110.020953
14 112.439934 88.770842 127.336069 97.199958
18 125.351917 76.465422 136.723386 85.592305
