7 84.620396 107.761542 99.579389 120.380971
14 84.752531 93.240926 96.757158 107.135529
15 77.504122 82.647849 89.877107 101.128379
16 69.614700 77.654805 81.616592 93.385349
15 62.547660 72.989845 75.160444 88.019482
15 54.570794 67.541898 67.844241 81.629126
15 67.457014 111.841424 81.641210 126.015344
15 59.798252 103.267932 73.043604 121.114500
15 53.647529 92.887251 67.422318 108.239449
15 46.226165 85.742069 58.942520 104.848351
13 36.304360 76.069115 52.226511 89.515676
2 72.046074 119.865952 97.856622 133.147519
15 23.875266 68.816404 78.225211 96.790142
15 38.033792 79.678254 91.252210 103.156968
15 55.428204 97.357612 111.440913 117.082216
15 77.352911 109.817318 127.837889 134.237187
