12 116.808744 114.500281 131.564635 131.416545
12 114.211095 103.579236 129.833525 119.860820
13 109.732585 87.111631 123.805854 105.284688
11 104.539017 75.869113 115.945504 88.719404
13 101.867093 65.274216 115.745864 78.351296
11 88.560441 112.954611 102.537709 130.842316
12 87.321110 100.455724 98.806144 120.500674
11 84.702431 84.726467 99.217635 103.365405
11 83.899402 70.425662 97.153250 91.989753
14 80.905072 134.826496 107.505072 148.126496
9 118.884893 126.910428 142.565492 143.025638
11 72.651522 74.644102 126.836200 102.256418
12 77.330940 105.080455 135.646802 130.319314
12 74.492649 92.458610 136.723628 116.268902
11 81.341382 125.274267 141.699562 151.929473
12 88.322642 145.345106 145.986499 173.519562
