6 57.037256 160.466635 71.624561 178.680092
6 68.563767 146.665140 82.616876 165.681449
6 77.419466 137.448920 90.569410 154.263497
6 88.272138 130.604684 99.426225 143.923092
8 44.258389 153.309698 59.125484 170.355811
8 50.009694 140.138343 60.875331 158.512509
7 58.940810 126.404709 71.714611 147.694378
7 67.042737 114.124931 78.072790 136.371279
6 76.350252 99.967154 86.830256 121.712268
2 67.257595 88.546678 102.046797 106.920844
9 93.772049 117.960680 117.758558 133.691223
6 23.983245 136.292660 83.341204 171.320649
5 39.984168 123.444909 94.427214 158.556730
5 49.918180 110.067678 109.115860 139.542583
6 66.637029 94.963037 122.203467 125.834545
