2 116.049917 154.107578 152.991086 170.639581
1 119.697538 159.539448 151.537921 172.991765
18 120.665971 157.667435 153.394246 177.560814
18 122.019338 154.852798 151.260576 174.537812
8 105.228337 120.329505 134.402469 134.165212
7 103.927940 116.938602 139.928634 132.654186
8 103.914883 116.596251 139.456689 134.710811
7 105.580336 117.309842 138.450535 133.713757
18 137.940854 169.620285 149.723753 179.569155
13 143.936081 161.876252 156.666847 171.775747
5 142.783608 169.968474 151.183608 178.368474
18 138.378477 155.703371 152.757659 166.109619
7 124.506256 122.847232 135.610675 140.789640
7 113.578536 115.540624 125.150432 134.140087
2 87.225559 154.405375 103.462868 173.253452
3 70.855944 158.381557 84.736610 180.517500
8 85.797190 181.871718 102.960422 201.484214
8 92.849856 169.824048 111.376635 184.804702
17 114.204055 159.880024 133.140861 171.923279
7 106.036701 139.256011 123.665082 153.972668
