12 77.090688 90.011152 124.695835 104.384939
12 72.922212 81.374961 121.186692 99.017322
10 64.022620 84.713341 120.040117 100.119452
12 67.497540 79.030175 126.380814 92.386141
10 101.786191 62.390678 122.870380 70.122430
8 99.246297 73.349379 120.158555 79.121727
1 87.569041 76.126349 100.343634 88.745779
17 72.195375 77.897619 87.690535 86.751997
11 62.592654 66.502608 76.811733 74.328846
5 68.571204 50.286006 84.935652 62.206576
19 83.337868 46.818670 97.979710 56.643638
16 93.514867 49.690338 109.418275 55.951328
