13 88.922737 63.660537 100.632011 77.555140
16 80.238784 52.410933 93.512232 72.759152
18 66.987052 45.639108 83.181352 65.351287
3 47.759477 47.760648 63.860578 66.254430
6 36.168295 58.193343 53.489617 75.693343
8 29.543565 72.481584 48.261994 92.391632
13 30.044882 92.279238 49.967692 107.422553
14 38.336643 105.928573 55.100344 120.810777
18 54.691188 113.979965 71.614231 131.605515
5 73.869505 117.520508 89.708697 128.409953
7 86.459763 104.698519 102.582829 121.085099
10 91.412695 89.579353 107.690611 109.229290
11 94.586734 77.368149 107.272194 92.863310
