5 113.815759 130.673275 150.756929 147.205278
4 119.162143 135.134456 151.002526 148.586773
3 120.598345 132.441524 153.326620 152.334903
3 120.627077 130.151707 149.868315 149.836720
10 88.224684 107.910436 117.398817 121.746143
10 85.526311 103.814485 121.527005 119.530069
11 85.944041 103.485652 121.485847 121.600211
10 87.504369 104.061072 120.374568 120.464986
2 140.354205 140.383842 152.137104 150.332711
16 141.945008 130.512069 154.675774 140.411564
7 144.627981 139.302476 153.027981 147.702476
3 134.162420 127.254275 148.541603 137.660523
10 108.449619 105.084280 119.554038 123.026688
10 95.497645 103.614994 107.069541 122.214456
5 90.260553 149.192815 106.497862 168.040892
6 78.583450 160.749407 92.464116 182.885350
11 102.019290 173.852650 119.182523 193.465146
11 101.423324 159.855173 119.950103 174.835828
2 114.896017 141.125599 133.832822 153.168854
10 98.706403 126.900687 116.334784 141.617344
