17 74.964247 198.008322 92.537593 216.817362
15 62.157201 190.262420 77.650604 207.818331
14 49.430118 179.433387 64.544332 197.375795
11 41.335505 163.103261 57.855134 180.420305
11 39.403759 152.909229 52.513251 166.373998
9 34.726262 136.522985 52.333967 151.503639
7 38.143020 119.735208 53.325396 137.066394
5 49.184282 105.007815 63.926886 124.930164
1 62.405815 94.829268 80.717483 111.658409
17 82.229995 95.356798 100.032755 114.191872
16 98.346931 100.407837 120.064683 119.449896
14 110.358061 113.279397 131.947030 131.653564
14 121.264158 124.319501 143.367517 140.281957
11 128.538758 137.279224 147.934528 155.001809
10 132.818857 153.459696 151.927066 169.452819
9 134.432832 166.415386 153.928846 184.480269
2 91.452173 201.234511 106.089687 218.063653
3 105.130511 201.785851 123.387216 219.341762
6 122.624783 195.061413 135.573607 211.054537
9 130.779706 180.250961 145.992145 198.731491
