16 146.419806 155.733316 183.261359 183.817554
3 155.298396 154.419658 167.507827 161.454571
16 161.161018 154.995120 173.193951 162.202062
7 150.554521 155.793983 161.845115 165.889527
12 164.712785 158.299690 177.355879 166.728806
5 163.289442 163.958487 176.264708 173.479516
1 158.541067 168.585335 170.523457 177.685335
12 150.412406 164.902982 162.370580 171.937895
7 146.688004 150.528030 181.179779 177.320753
3 145.422234 150.430707 181.140994 176.340164
13 142.743943 151.216799 185.461172 175.726797
10 143.216604 155.586975 181.618258 180.414782
18 151.680594 153.769772 182.959437 179.980076
