10 102.569495 97.123051 127.019444 120.142904
6 102.612315 97.829570 132.053953 109.013691
13 97.843210 112.163942 129.218519 138.126553
5 130.673017 127.433400 155.960365 141.567668
9 140.457109 103.062177 162.202224 122.702411
11 127.517446 68.789345 169.248249 80.953958
11 147.923325 75.846780 164.837272 89.128346
8 132.084526 74.504600 149.007634 85.027907
7 140.476791 117.043081 157.604250 135.642543
18 116.256318 123.267561 133.756318 141.467561
3 115.206675 87.447351 130.806668 103.774016
