19 71.639611 139.096647 131.549960 165.280488
18 61.950539 130.132426 121.202965 154.265935
1 53.984123 134.835842 118.444964 166.246657
18 65.143404 125.329883 128.797234 171.120440
1 35.030662 138.709391 107.834027 162.520591
18 91.562747 134.692761 147.914127 162.875912
2 104.902003 138.728744 157.438394 157.641703
19 19.740714 136.155767 85.127693 158.653989
2 53.859609 124.542399 66.519153 138.612225
19 39.188771 122.837053 53.221244 143.185272
19 48.165479 152.030768 66.454451 166.100594
1 39.469601 154.627586 57.669601 170.027586
