18 19.885679 119.963590 34.472984 138.177047
19 37.558121 121.403416 51.611231 140.419725
18 51.262478 123.702369 64.412422 140.516946
18 64.894466 128.815642 76.048552 142.134050
2 19.095416 105.740585 33.962511 122.786699
2 33.562485 101.191918 44.428123 119.566084
1 48.313305 101.064781 61.087106 122.354450
1 63.012008 99.981146 74.042062 122.227494
18 80.283038 99.662965 90.763042 121.408079
14 80.705979 96.558149 115.495181 114.932316
3 74.624145 131.092474 98.610654 146.823018
18 4.605694 93.894952 63.963653 128.922941
18 25.253079 97.920146 79.696125 133.031968
18 43.187004 101.888645 102.384685 131.363549
18 65.279802 105.489756 120.846240 136.361264
