10 106.312514 99.910223 149.104219 120.246748
9 107.703890 105.420148 158.113612 119.900010
10 110.521524 95.248803 153.135372 123.273316
9 112.712610 98.859427 159.198092 124.825653
10 110.097476 97.527859 121.624400 115.524803
9 111.712096 97.597049 122.390515 109.822023
8 109.344936 91.934655 122.531776 111.746015
5 138.283452 105.665136 150.555632 113.491374
8 142.546528 102.046363 152.111362 110.817337
14 141.109386 96.265829 154.669316 105.036804
2 136.171490 92.293723 145.971490 102.093723
8 109.856504 116.048976 138.945270 130.222896
10 110.672042 127.576628 133.781606 142.007498
12 112.405886 142.862277 136.322234 156.932103
10 110.652734 142.069494 136.809219 161.868484
10 110.648004 151.925076 137.053538 173.340958
