9 154.698210 158.381450 191.526460 179.629435
8 155.503047 165.229367 191.312683 182.080015
8 156.861359 163.557291 192.807569 181.884960
8 156.255262 162.244672 192.016974 181.878304
4 127.928445 136.788133 165.035048 147.994919
5 128.119697 137.701939 167.282180 148.821258
4 133.057130 132.728083 168.818842 154.900870
7 172.858355 170.238915 187.420708 187.794826
7 163.057567 161.899215 176.391671 183.188884
4 139.224839 131.371431 152.476977 151.391921
4 145.276941 143.360418 161.605981 159.881011
5 166.581378 135.319561 197.386468 150.972036
8 183.424950 107.857392 203.724950 128.157392
5 198.957144 117.706819 220.303382 134.301397
