7 70.871808 111.062774 146.526880 133.484324
8 60.823557 102.229701 154.207335 149.105727
8 70.863689 107.263753 153.380596 143.901172
8 71.197341 107.557217 134.072773 137.784140
9 66.022507 126.034251 133.247073 151.943709
9 65.776825 149.824593 128.809499 171.535880
7 90.444852 76.465794 151.457478 99.352690
7 76.376654 94.593685 142.605215 123.599374
6 76.789225 86.580813 148.613950 111.070811
6 98.653731 74.945314 112.923532 85.280690
7 93.710490 82.632057 106.120915 95.783863
6 86.088718 96.245805 101.561005 108.490804
6 80.428463 105.938332 96.749548 117.981587
7 118.244055 81.159937 139.542359 97.320692
8 114.004687 92.377619 135.105561 102.569773
7 110.948032 103.465595 129.056519 111.004826
7 105.552069 107.742361 125.121998 122.820822
