4 97.016077 92.185034 104.739194 101.311918
17 102.037530 88.293134 114.389177 100.912563
13 111.411989 96.255184 121.911989 106.755184
10 114.047802 107.387576 127.869255 114.387576
1 105.448793 114.938682 115.523805 124.065565
13 93.982259 109.737750 104.459469 120.261058
8 91.491914 98.117356 102.077331 108.802393
6 111.861792 114.104532 122.633590 120.558213
17 99.066718 115.059510 110.357312 122.631168
9 91.319159 103.031475 102.953698 111.941021
4 100.726766 94.087556 137.126766 103.187556
