14 74.914069 109.441787 144.928068 138.153121
14 78.961137 116.128063 144.514932 141.779538
14 81.445619 113.954912 139.054385 157.385571
15 103.508757 136.128264 159.236599 164.346166
13 65.232144 88.488827 119.795652 124.625374
13 88.637178 79.087582 102.046134 95.323961
13 100.324277 96.778441 116.565220 113.014820
13 68.491418 96.683607 83.511481 117.413537
13 77.684281 116.714735 93.318436 137.314250
13 107.158280 107.075632 121.998072 122.618154
14 96.798347 90.562717 109.398347 105.262717
13 81.613615 121.928005 96.202580 143.852649
12 70.497368 109.430948 87.127181 124.509410
