18 104.028002 72.119065 134.395418 84.540366
18 102.523359 74.643985 128.262046 85.965091
1 90.987103 71.697100 121.378713 90.488536
1 97.122040 65.956972 122.419075 90.552138
19 97.587948 78.988836 110.680541 94.951292
1 96.427060 62.451463 111.503451 83.181393
2 119.158584 120.130103 131.758584 126.430103
17 115.324686 120.709920 126.259036 126.177095
8 124.226550 116.269100 134.692628 122.290727
7 112.609032 109.891105 124.430509 117.332207
7 123.395733 91.996121 142.479082 110.316874
1 115.938493 72.752268 135.641348 87.029523
18 151.395927 78.747396 167.065936 95.341973
5 154.419191 56.070466 170.171978 78.688159
