5 139.875567 93.161476 154.462872 111.374932
6 127.127899 104.462703 141.181008 123.479012
5 117.821292 114.610623 130.971236 131.425200
5 107.864563 123.495892 119.018650 136.814301
7 151.174358 103.169430 166.041453 120.215544
7 147.720327 114.369032 158.585965 132.743199
6 135.268776 123.691943 148.042578 144.981611
6 127.338517 133.893962 138.368570 156.140310
5 116.663694 147.155671 127.143698 168.900786
1 99.652956 161.393409 134.442158 179.767575
8 88.056344 131.958044 112.042852 147.688588
5 125.860795 101.852272 185.218754 136.880261
5 113.124361 112.606679 167.567407 147.718501
5 96.301524 129.749805 155.499204 159.224710
5 81.353979 141.243513 136.920417 172.115021
