15 108.676878 128.723858 159.949190 149.093719
15 110.791249 131.713319 162.010972 149.955587
15 113.704321 129.127415 167.129503 153.026455
15 107.918199 132.220581 159.822149 158.528180
15 123.745495 146.173741 139.232023 168.617448
17 129.169240 150.638725 141.737327 164.795349
7 134.917293 151.556687 153.228454 157.895456
16 140.530169 112.852348 163.630169 135.952348
6 147.008274 136.589115 163.273147 146.488610
15 94.652342 104.992741 121.557336 135.295546
15 79.157188 86.160068 104.292431 124.888481
