6 61.294844 131.459516 75.882149 149.672973
7 71.358985 116.554499 85.412094 135.570808
6 79.090216 106.516328 92.240161 123.330905
6 88.990761 98.689060 100.144848 112.007468
8 47.776100 125.666115 62.643195 142.712229
8 52.199487 112.171234 63.065125 130.545401
7 59.793272 97.471564 72.567073 118.761233
8 66.622006 84.500690 77.652059 106.747038
6 74.373953 69.477691 84.853957 91.222805
2 63.894577 57.808951 98.683779 76.183117
10 93.229805 84.862140 117.216314 100.592684
6 26.651207 108.487094 86.009166 143.515083
6 41.239363 94.293816 95.682409 129.405638
6 49.413022 79.718423 108.610702 109.193328
6 64.544357 63.134890 120.110795 94.006398
