7 108.435420 122.660973 139.243374 137.364780
6 114.429279 116.277094 146.208045 140.290099
6 116.194856 112.099057 149.976656 138.846607
16 85.744335 128.892988 117.275431 147.799651
13 122.539002 90.021646 150.756904 104.294393
10 121.423955 94.923868 155.031246 113.747690
4 106.818079 135.784239 129.026917 151.514782
2 98.907153 141.505437 119.833917 152.439787
10 86.401368 119.288451 101.148689 132.879993
10 82.769496 106.219527 96.213753 120.785584
18 97.850195 75.901870 115.525388 85.924344
16 112.622134 78.330361 129.422134 92.330361
16 123.884899 80.723260 141.384899 100.323260
8 125.634108 98.431986 157.826668 122.045965
