17 115.043101 61.156988 146.112378 75.435790
17 114.965371 56.309730 141.315514 71.707703
19 111.380539 57.527010 135.890537 70.175794
18 103.388778 66.531489 149.023195 84.464919
18 103.924232 69.047692 148.576331 87.555224
1 99.786877 69.599149 148.167968 88.245880
14 132.500124 63.557331 152.961893 80.888517
19 120.801124 55.289458 137.613516 73.502914
2 106.732894 53.555348 121.702053 72.088831
17 119.178660 82.426597 141.622662 96.179415
19 110.920474 80.938557 131.920474 94.238557
16 98.251815 77.482467 117.014887 89.727466
