5 65.570744 122.291130 85.666919 137.173334
5 72.139542 116.866251 96.421422 135.701325
4 78.277643 114.869282 103.462900 129.849936
4 221.098568 20.019544 245.650698 42.430479
4 214.062968 28.348133 239.991971 45.045738
5 207.501796 30.434465 231.902852 51.770116
5 174.079465 46.422939 212.846084 63.754124
4 157.537388 51.481443 203.270174 70.943457
4 145.468760 58.889421 192.471070 79.477039
4 131.120042 67.753843 179.411740 91.274259
4 122.331026 76.421651 167.600033 96.233011
4 107.176005 83.401671 156.599321 102.040609
4 97.679664 91.324621 145.231210 111.515709
