3 54.884393 113.769450 89.355395 124.300728
3 63.906844 107.409267 92.124746 121.094938
2 60.940182 108.779364 90.248372 125.944756
2 61.968024 105.977139 90.702150 123.052557
3 70.109030 112.821453 84.893490 129.103038
3 64.380417 99.590467 81.004648 117.750038
4 48.407464 96.085942 59.873200 102.539623
11 51.618698 88.524276 65.839078 95.128063
15 47.789630 84.547241 60.412209 91.582154
4 43.776524 83.597617 55.252848 90.051298
11 39.043773 89.669024 50.149500 98.633398
8 32.300388 99.692773 56.123951 118.173303
2 43.505028 111.817328 68.682347 130.859387
4 18.593082 121.593317 54.741084 137.088478
2 0.958496 120.497038 17.706508 139.332111
4 3.029282 132.695167 24.655702 156.464265
