8 92.602071 87.946565 129.430321 109.194550
8 93.140882 85.486696 128.950518 102.337344
8 91.584349 85.579962 127.530559 103.907631
8 92.327230 85.633725 128.088941 105.267357
4 117.172118 121.373907 154.278722 132.580694
5 114.988650 120.464641 154.151132 131.583960
3 113.498440 114.160571 149.260151 136.333358
7 97.423302 79.315370 111.985655 96.871280
6 107.975448 84.632051 121.309552 105.921720
4 129.658209 118.018450 142.910348 138.038940
4 121.261934 109.024811 137.590975 125.545405
5 84.959795 115.922121 115.764886 131.574596
7 76.895982 137.866980 97.195982 158.166980
5 60.914482 130.622493 82.260721 147.217070
