18 153.023180 108.224818 188.894338 139.552418
17 157.460580 106.125955 195.091684 138.742390
6 160.108706 112.813120 171.452131 122.020183
3 163.413127 111.004153 176.282471 117.933800
12 159.797653 120.328749 169.565154 129.293123
2 166.809800 129.074174 177.247553 135.095801
7 172.595607 123.724383 180.995607 132.124383
11 174.017944 117.239081 185.739376 125.220309
15 167.953747 110.247648 182.180727 118.073886
16 159.143543 123.783741 171.798304 131.515494
7 148.856505 110.355501 190.925352 137.038267
16 151.331149 109.593296 187.793503 133.434437
10 153.695662 109.044293 187.770506 131.279625
19 154.852263 109.663476 187.404109 131.898808
