14 78.275739 101.666910 143.130654 125.097365
16 72.442733 87.468067 124.247463 114.772141
13 70.261810 89.586965 135.154491 114.804218
15 72.589139 86.341103 135.550238 120.577072
15 55.990077 73.954901 113.565071 98.122648
14 73.919019 93.539130 128.629076 111.536074
15 88.310425 104.008108 142.415062 131.055658
15 104.306759 121.857673 163.605878 138.094052
15 114.442791 131.989102 174.287212 151.701281
15 117.642589 132.618751 132.509023 146.775375
16 129.182353 142.931454 145.282353 154.131454
16 120.694498 138.477428 138.228362 149.699282
14 136.230652 113.958171 147.765400 125.502867
14 143.299736 120.871686 155.563433 129.530208
16 145.659057 124.805712 158.259057 130.405712
