17 98.936529 91.766635 132.747326 109.924587
16 86.967037 76.513049 125.051155 110.396006
7 144.218559 71.593548 185.843551 91.419867
5 146.223373 67.204506 180.207634 95.371600
7 161.324700 80.635389 179.063532 96.597845
7 148.776084 75.353710 161.568898 92.741349
18 107.075336 104.195010 119.691381 117.983411
17 110.414815 90.144486 124.194435 103.950644
17 97.979424 88.245470 126.213879 119.338395
7 148.990582 70.903082 176.509829 98.488766
16 152.192938 104.581932 167.151360 118.581932
16 163.126001 108.409381 179.144323 127.871395
7 126.909860 115.112633 144.259832 129.112633
8 123.853407 125.171117 137.294104 142.838318
