17 64.566201 100.339725 152.412715 173.114167
6 71.790998 106.897726 151.633969 175.135792
12 75.098685 106.843765 150.724324 166.347882
3 114.184248 126.357687 139.449582 136.182655
12 123.580065 120.274338 143.841760 134.291827
17 119.871695 119.263293 144.780273 136.594478
8 120.351240 124.168862 144.613738 140.038960
4 118.691052 118.326584 150.347117 132.396409
3 71.822178 114.077206 154.462686 158.899075
3 79.821920 123.651221 140.053591 145.362509
4 63.458220 131.649104 125.195999 152.695719
11 67.993497 104.978636 140.381965 169.397655
