15 135.319016 44.078761 151.397764 60.041217
17 122.611884 32.719528 136.772289 49.417132
1 106.359176 26.563877 122.953787 46.276056
3 93.990857 27.080147 109.781342 46.031927
4 81.094999 27.138334 99.802819 49.274277
4 68.768685 35.329578 86.489078 52.885488
5 58.860881 39.732956 77.459641 57.986723
6 49.468312 49.447879 69.164664 64.863780
9 45.549435 65.403371 63.914875 81.564126
10 38.216219 77.492283 55.316509 96.025766
13 38.685439 95.054974 57.779272 111.215729
16 51.534093 108.051560 70.075207 127.949298
18 69.369660 116.204863 87.117775 132.167319
1 85.938475 116.449726 104.826776 136.858058
4 102.573774 115.977866 124.510594 133.686621
5 117.488180 110.794864 138.515934 125.511521
7 131.233538 95.987925 147.817039 113.807016
7 141.512087 81.553978 156.167607 100.864338
11 146.026687 54.318315 161.451129 78.858283
