11 83.024802 138.248531 119.965972 154.780534
11 81.819181 141.286418 113.659564 154.738736
9 80.181738 139.611488 112.910013 159.504867
9 84.787305 139.022557 114.028543 158.707571
17 120.305015 121.300446 149.479148 135.136153
17 119.550129 122.205621 155.550823 137.921206
17 118.901783 120.854557 154.443589 138.969116
17 120.413000 122.022908 153.283199 138.426822
9 84.423094 152.078346 96.205994 162.027215
4 92.351535 157.724702 105.082301 167.624197
14 86.867856 155.942267 95.267856 164.342267
10 96.919629 152.145103 111.298812 162.551351
16 125.864528 129.911853 136.968947 147.854261
16 131.452817 118.218520 143.024713 136.817982
12 87.833837 98.280994 104.071146 117.129071
12 81.588572 79.772715 95.469238 101.908659
18 59.573967 99.849632 76.737200 119.462128
18 73.985569 108.356218 92.512348 123.336872
9 87.384310 130.073072 106.321116 142.116327
17 106.298072 117.947056 123.926453 132.663714
