11 180.293526 133.891476 211.101480 148.595284
10 183.755184 123.815441 215.533950 147.828446
10 183.135231 118.522406 216.917031 145.269955
1 167.823069 152.318769 199.354165 171.225431
17 170.866438 100.513301 199.084340 114.786048
14 173.916471 102.821826 207.523762 121.645649
7 188.576601 147.699388 210.785440 163.429932
6 184.662811 158.061945 205.589575 168.996295
14 162.487057 150.314591 177.234379 163.906133
14 151.891861 142.745176 165.336117 157.311233
4 142.631120 108.868310 160.306312 118.890785
2 156.988461 101.291505 173.788461 115.291505
2 168.931271 95.218995 186.431271 114.818995
12 181.061015 102.810018 213.253576 126.423997
