14 105.357792 100.643899 120.316785 113.263329
3 93.076875 97.712337 105.081502 111.606940
5 83.047044 100.094668 95.420030 118.575198
5 74.991584 107.621312 86.993476 123.351856
5 68.091592 113.204879 80.704376 128.234517
5 60.064730 119.530080 73.338177 133.617308
4 105.894339 118.076523 120.078535 132.250443
5 97.752428 122.347715 110.997780 140.194283
5 84.732644 126.270830 98.507432 141.623028
4 78.115466 130.709965 90.831821 149.816247
2 62.282685 138.339306 78.204836 151.785867
9 110.093585 110.436333 135.904134 123.717899
4 44.835331 124.524916 99.185276 152.498654
5 57.239972 115.872383 110.458390 139.351096
5 75.970292 103.688124 131.983001 123.412728
5 97.996139 86.664961 148.481117 111.084830
