10 115.270326 118.653330 128.434076 130.573901
10 102.767458 131.964405 112.074369 143.884975
6 97.282006 142.696765 112.931347 153.983926
3 88.058391 146.996961 103.348966 163.635771
16 70.193045 150.275004 88.163544 162.499979
11 64.426519 136.736005 82.270314 150.182566
7 66.394963 126.361171 82.616901 139.438250
3 76.839923 116.961720 91.430180 129.483701
16 92.687552 113.610995 106.998993 130.087038
5 101.257023 114.028285 116.153158 122.457401
9 114.779483 125.036024 126.150952 134.162907
