3 116.947544 131.800175 146.264092 146.989534
4 125.372146 127.802779 152.636225 143.625017
2 103.213236 131.484035 138.443479 150.936479
15 84.827427 128.728605 114.302332 142.062384
11 138.118082 104.526290 162.376895 125.848894
18 99.090220 135.230154 128.546310 154.641748
6 135.874617 121.116528 155.488055 140.029487
14 78.241116 122.095744 101.993819 135.377311
11 72.461212 111.607559 97.458662 124.476902
10 73.777040 98.102280 93.844820 109.389441
14 135.119930 99.106773 156.416208 114.217696
15 127.758497 89.331139 145.921591 102.649548
16 112.364783 77.942146 131.964783 97.542146
