3 56.310782 75.470504 132.020887 101.977196
3 58.403327 72.670449 132.781415 98.728099
4 57.936042 66.498751 131.392696 104.629598
4 59.422608 76.206519 131.117099 105.784913
6 35.586382 92.610735 99.572719 122.143767
3 92.202421 57.074835 148.994770 86.978848
3 99.641889 49.956858 113.779615 62.576287
3 82.220951 57.380423 100.133309 69.342028
2 74.278013 63.657767 89.179302 76.179748
2 117.230537 77.097580 131.457850 88.997580
2 103.268303 81.274660 118.353071 94.739429
2 94.956101 85.457697 109.106494 97.979677
8 46.775360 95.445252 62.258890 110.161909
8 53.094995 84.898335 70.312718 95.855068
7 60.659900 71.186778 73.722804 90.305878
7 48.049835 92.323273 65.818806 113.796279
8 76.602806 102.642537 89.791805 114.229599
8 72.684962 105.143743 83.241882 120.511892
7 63.042844 114.562710 77.932159 130.949290
8 76.274959 95.917057 90.290926 115.328652
