3 83.062604 111.653712 119.890854 132.901697
3 79.882768 116.697213 115.692404 133.547861
3 81.386186 116.619364 117.332396 134.947033
3 81.634789 115.018562 117.396500 134.652195
17 90.095728 79.714240 127.202331 90.921027
17 89.028229 81.255268 128.190711 92.374587
16 92.080392 78.721334 127.842104 100.894121
2 89.825261 124.923879 104.387614 142.479790
1 89.981652 110.803091 103.315756 132.092759
17 102.507403 74.219699 115.759542 94.240188
17 96.724988 87.988099 113.054029 104.508692
17 112.473729 107.345817 143.278820 122.998293
2 145.048578 100.574233 165.348578 120.874233
17 146.873898 120.209110 168.220137 136.803687
