5 154.989716 116.999666 188.800513 135.157618
4 164.547357 105.321931 202.631475 139.204888
12 138.710396 167.551197 180.335388 187.377515
11 143.751230 162.019012 177.735491 190.186106
13 141.867969 169.634384 159.606801 185.596840
13 156.699806 159.237517 169.492619 176.625156
5 158.606204 111.295012 171.222248 125.083413
4 167.277512 122.552204 181.057132 136.358362
4 157.512604 105.774288 185.747058 136.867213
13 144.459056 159.973891 171.978304 187.559576
4 130.481242 148.824157 145.439664 162.824157
4 118.004005 151.721324 134.022327 171.183339
13 134.475131 123.052831 151.825102 137.052831
13 129.562587 110.293366 143.003284 127.960567
