13 109.078324 85.226807 164.766833 95.617671
13 109.586473 73.391744 164.784480 100.009980
14 107.401749 79.254846 160.978050 98.360474
11 109.417016 80.750763 170.513824 96.171047
11 123.347028 113.821683 139.511289 121.553435
6 130.023082 100.288967 142.159014 109.415851
3 140.926146 92.832804 153.158526 102.732299
1 150.054000 89.706328 165.948163 98.560705
16 160.013337 91.974827 174.926223 102.474827
7 166.905975 105.540684 178.540514 114.450229
4 159.504142 116.928084 172.094314 126.135146
2 149.045361 122.747164 162.333152 130.573402
17 137.516881 122.259447 151.465305 132.354991
