7 194.163129 133.906909 210.241877 149.869365
8 204.366526 118.635351 218.526932 135.332956
11 205.930760 101.638040 222.525371 121.350219
12 204.641448 89.359628 220.431933 108.311409
13 200.150970 76.616724 218.858790 98.752668
14 193.225074 66.901450 210.945468 84.457361
15 186.915072 57.733640 205.513833 75.987407
16 177.054339 51.385747 196.750691 66.801648
19 160.954892 48.453030 179.320332 64.613785
2 147.440357 40.978101 164.540647 59.511584
4 130.367985 45.615301 149.461818 61.776055
8 117.422247 58.036989 135.963360 77.934728
10 113.804479 78.067552 131.552594 94.030008
11 112.873686 93.156521 131.761988 113.564852
14 115.370591 112.308506 137.307412 130.017261
14 124.216605 127.342674 145.244360 142.059332
16 140.999977 135.613331 157.583478 153.432422
16 156.685408 142.444640 171.340928 161.755000
3 181.335331 141.691852 196.759774 166.231819
