4 91.964648 90.213617 105.942303 108.587783
6 105.623305 76.569324 120.385513 99.764582
5 116.047647 69.230202 132.505034 89.275151
6 129.829957 56.799728 141.750858 79.942113
7 73.383066 77.418410 88.881233 96.434719
7 83.146319 67.337186 94.471618 86.443468
6 89.404570 56.234572 100.612680 74.448028
7 95.598031 45.990056 108.330806 60.839298
6 101.279429 37.216262 111.793688 50.534670
2 109.266523 18.537045 138.223603 33.386287
10 136.309629 43.560983 161.700485 59.431081
6 66.315251 74.981066 114.069457 100.966062
6 75.643376 63.386582 126.892869 90.767232
6 90.824700 47.799817 144.024700 70.899817
