8 63.672464 66.733525 139.327536 89.155075
9 54.108111 58.032187 147.491889 104.908213
9 64.091546 62.425941 146.608454 99.063359
9 64.112284 64.068088 126.987716 94.295012
10 61.237717 82.803871 128.462283 108.713329
10 64.033663 106.709006 127.066337 128.420294
8 78.343687 30.765852 139.356313 53.652748
8 67.335719 50.282505 133.564281 79.288195
7 66.287637 41.922751 138.112363 66.412749
7 85.615099 31.431462 99.884901 41.766838
7 81.994788 39.847047 94.405212 52.998853
7 76.263856 54.180401 91.736144 66.425399
6 71.989457 64.508272 88.310543 76.551528
8 106.250848 34.341723 127.549152 50.502477
8 103.199563 46.083023 124.300437 56.275177
8 101.545756 57.709635 119.654244 65.248865
8 97.315035 62.557369 116.884965 77.635831
