3 94.867792 115.571945 150.556301 125.962809
2 91.631136 106.118822 146.829144 132.737059
3 93.580909 113.355780 147.157210 132.461408
19 91.177650 109.573912 152.274458 124.994196
19 139.097751 130.126492 155.262011 137.858245
13 130.200605 121.218105 142.336537 130.344988
11 126.593289 108.292004 138.825669 118.191499
8 124.476835 97.267788 140.370998 106.122165
5 130.692089 88.293827 145.604974 98.793827
15 146.079840 87.798912 157.714379 96.708457
11 154.609720 97.644470 167.199892 106.851532
9 156.209610 109.502573 169.497401 117.328811
7 153.223936 119.265923 167.172360 129.361466
