17 99.839669 138.189339 142.631373 158.525864
16 92.191074 145.472690 142.600795 159.952553
17 99.651814 138.536603 142.265662 166.561116
17 94.154358 142.883892 140.639840 168.850118
17 121.969516 128.834757 133.496441 146.831701
16 124.806495 133.599589 135.484913 145.824563
16 125.645846 129.215154 138.832686 149.026515
12 111.257446 160.715708 123.529625 168.541946
16 114.897304 163.867956 124.462138 172.638931
4 118.338279 165.905379 131.898209 174.676354
10 125.322615 159.700210 135.122615 169.500210
15 94.934648 134.696345 124.023414 148.870264
17 87.227984 129.451058 110.337548 143.881928
1 71.681002 127.786497 95.597350 141.856323
18 68.723583 123.774183 94.880068 143.573172
18 58.267394 120.321395 84.672928 141.737277
