5 67.892085 109.019293 98.259502 121.440594
5 69.118614 113.728881 94.857301 125.049987
6 61.215403 117.365389 91.607014 136.156825
6 64.054056 109.898212 89.351091 134.493378
6 72.861733 124.234977 85.954326 140.197433
6 61.238557 112.506192 76.314948 133.236123
7 114.360415 137.515292 126.960415 143.815292
3 112.192027 141.509094 123.126376 146.976269
13 115.131851 132.004502 125.597930 138.026130
11 102.921648 135.631830 114.743125 143.072932
12 99.682008 111.143484 118.765357 129.464237
6 78.786230 104.247387 98.489085 118.524641
5 108.495359 83.024030 124.165368 99.618607
9 95.890404 64.576289 111.643190 87.193981
