14 107.681405 134.592129 119.390679 148.486733
17 116.074282 137.894089 129.347729 158.242307
19 127.457163 143.146704 143.651464 162.858883
4 146.222505 138.919611 162.323605 157.413394
7 154.701304 127.724803 172.022625 145.224803
9 157.148518 110.232822 175.866947 130.142869
14 152.435625 95.658085 172.358435 110.801400
15 145.057435 83.640804 161.821136 98.523008
19 127.156923 75.842996 144.079966 93.468545
6 109.315633 82.277354 125.154825 93.166798
8 98.384163 91.660092 114.507228 108.046672
11 95.694881 104.184508 111.972797 123.834444
12 98.615418 120.572667 111.300878 136.067827
