12 89.251698 66.654759 164.135342 83.647279
12 94.539400 65.512662 165.374419 86.033648
12 101.537984 64.165934 168.093224 88.071044
11 101.693787 62.826379 166.808839 82.620573
12 101.785625 56.960073 161.335016 85.339899
12 100.659209 76.422866 169.280634 97.962061
12 98.917591 76.196255 172.284137 101.870542
13 102.614510 76.500149 178.123715 110.753788
13 100.347545 72.206442 168.936830 102.486335
12 100.084006 76.512068 174.682465 103.625011
12 99.694437 57.465659 152.775289 75.408067
11 96.930850 46.464444 148.283652 66.872776
11 96.206154 39.821658 144.763181 60.833322
13 91.205914 35.248041 142.697490 62.431124
13 95.621699 40.927926 105.701460 56.038849
13 99.898034 55.108263 110.550797 63.624130
11 103.581691 63.065274 114.458249 77.781931
13 106.406189 74.494887 120.868311 88.247705
14 120.019156 85.909216 165.519156 102.709216
14 124.859538 97.447461 174.559538 114.247461
14 132.766435 107.274690 183.224127 121.991347
13 116.817820 29.682549 128.800464 41.664619
13 123.446854 37.182081 138.326704 55.596206
11 131.391179 54.821865 144.604421 67.973671
13 136.814504 65.948694 148.147603 75.155756
