17 127.178242 137.067078 141.765547 155.280534
17 111.002448 130.668358 125.055557 149.684667
17 98.884764 127.400589 112.034708 144.215166
17 88.438032 122.826990 99.592119 136.145399
19 124.087337 152.174942 138.954432 169.221056
19 113.052249 152.264285 123.917886 170.638452
18 97.181673 145.716086 109.955475 167.005755
18 84.490999 142.480048 95.521053 164.726396
17 68.137269 139.170862 78.617273 160.915976
13 42.619860 142.461550 77.409062 160.835717
2 67.198122 114.335435 91.184631 130.065979
17 93.625960 144.077627 152.983919 179.105616
16 79.417729 135.688869 133.860775 170.800691
16 57.610720 132.477715 116.808400 161.952619
17 40.791606 122.702218 96.358044 153.573725
