18 83.605268 162.737681 112.644724 188.129653
18 114.484779 165.364339 142.105966 186.612324
15 136.810975 177.335996 169.018583 204.664654
4 52.759443 162.628331 88.895989 189.772563
19 90.388232 156.204308 126.197868 194.820432
1 96.311424 147.576980 158.399492 181.905539
3 72.155181 146.646745 129.899227 181.224194
16 111.276686 147.953276 171.765433 187.115758
12 139.386847 172.124623 180.692542 200.901349
13 143.715797 178.163738 183.458111 209.857586
6 51.240704 172.673562 101.418392 202.437970
