19 68.739147 66.870162 83.326452 85.083618
1 86.508704 66.480547 100.561814 85.496856
19 100.265695 67.387645 113.415639 84.202222
19 114.180230 71.161864 125.334317 84.480272
3 66.404727 52.796251 81.271823 69.842365
3 80.397450 46.965777 91.263087 65.339943
2 95.201323 45.189741 107.975124 66.479410
2 109.761011 42.664125 120.791065 64.910473
19 126.879479 40.572494 137.359483 62.317608
15 126.732798 36.179209 161.522000 54.553376
4 124.185523 71.731911 148.172031 87.462455
19 51.574122 40.155564 110.932081 75.183553
18 72.546990 42.257113 126.990036 77.368934
18 90.489860 44.096208 149.687540 73.571113
19 112.920988 45.554225 168.487426 76.425733
