5 86.444280 113.822372 98.153554 127.716975
8 78.974296 119.655188 92.247743 140.003406
10 72.355878 132.728439 88.550179 152.440618
13 76.911346 152.137932 93.012446 170.631715
15 87.832531 161.926398 105.153853 179.426398
18 103.363553 164.150909 122.081982 184.060957
5 119.788624 162.720159 139.711434 177.863474
6 133.670499 154.106343 150.434200 168.988547
10 140.327002 135.028695 157.250045 152.654245
15 138.123920 119.962817 153.963112 130.852262
17 126.040828 106.214639 142.163894 122.601219
2 111.855048 101.724444 128.132964 121.374381
3 99.323063 104.676212 112.008523 120.171373
