9 76.428654 86.752033 107.497932 101.030835
9 74.829541 89.134114 101.179683 104.532086
10 76.142481 94.999205 100.652479 107.647989
10 76.827001 88.386205 122.461418 106.319635
10 80.095120 87.713559 124.747220 106.221091
11 79.124043 89.824190 127.505135 108.470920
6 84.148565 72.684636 104.610334 90.015822
10 79.852977 86.620226 96.665370 104.833683
12 81.039033 101.530161 96.008192 120.063644
9 101.612909 84.630721 124.056911 98.383539
10 101.727650 93.979319 122.727650 107.279319
7 100.572445 108.676653 119.335516 120.921652
