16 123.979415 168.066099 160.920585 184.598101
16 125.129808 173.399591 156.970192 186.851909
14 125.035862 172.100211 157.764138 191.993589
14 128.179381 169.613693 157.420619 189.298707
4 136.612934 132.353097 165.787066 146.188803
4 136.349653 130.672208 172.350347 146.387792
4 135.879097 130.023620 171.420903 148.138180
4 137.564900 130.958043 170.435100 147.361957
14 136.908550 186.718115 148.691450 196.666985
9 146.234617 184.260253 158.965383 194.159747
19 141.400000 189.000000 149.800000 197.400000
15 145.060409 176.435676 159.439591 186.841924
3 151.247791 140.018546 162.352209 157.960954
3 146.464052 127.758869 158.035948 146.358331
17 101.781345 145.058612 118.018655 163.906688
17 85.459667 137.647028 99.340333 159.782972
4 84.168384 166.638902 101.331616 186.251398
5 98.186611 161.880623 116.713389 176.861277
14 122.131597 166.788422 141.068403 178.831678
4 126.985809 144.662771 144.614191 159.379429
