11 96.988657 86.388653 172.698762 112.895346
11 100.280821 88.683530 174.658910 114.741180
12 101.081930 81.773105 174.538584 119.903953
12 96.534476 85.417467 168.228967 114.995861
13 90.655839 54.774502 154.642176 84.307534
11 116.770524 114.201293 173.562873 144.105307
11 156.578254 112.856975 170.715981 125.476405
11 151.272425 96.454441 169.184783 108.416047
10 148.513941 85.492821 163.415229 98.014802
10 126.472188 124.373772 140.699500 136.273772
10 124.255482 109.289107 139.340251 122.753876
10 123.081090 100.371189 137.231483 112.893170
15 122.302096 50.483905 137.785626 65.200562
15 131.926716 62.161843 149.144439 73.118576
15 142.153255 65.593873 155.216159 84.712973
15 120.365996 49.403342 138.134967 70.876348
15 111.509598 78.726778 124.698597 90.313840
16 109.723816 70.748566 120.280735 86.116715
15 99.565610 60.721682 114.454926 77.108262
15 113.817961 75.530789 127.833927 94.942383
