14 93.402435 65.398706 136.194140 85.735231
13 95.259534 67.060604 145.669255 81.540466
14 96.178846 58.326601 138.792693 86.351115
13 99.074813 58.764788 145.560294 84.731014
14 97.592201 71.263783 109.119125 89.260727
13 97.168877 71.211584 107.847295 83.436559
12 93.873415 66.666151 107.060255 86.477511
9 121.334415 60.748414 133.606595 68.574652
12 122.969022 55.999883 132.533856 64.770858
18 117.769184 51.154890 131.329114 59.925865
6 112.174741 52.243941 121.974741 62.043941
12 105.900830 80.709018 134.989596 94.882938
14 114.536305 91.007238 137.645869 105.438107
16 125.299822 101.581642 149.216170 115.651467
14 124.991581 100.725562 151.148066 120.524552
14 131.671244 108.129234 158.076778 129.545116
