18 87.942582 103.461002 118.237301 125.280803
18 89.048471 104.304141 118.812879 126.441560
11 55.860357 125.121247 92.748431 142.821661
11 61.543569 122.964116 94.747485 138.888066
13 40.449863 84.591951 115.338686 115.676995
13 51.513281 107.384216 125.951211 127.429166
13 62.653010 122.962987 130.480561 147.948183
12 76.031338 142.588048 146.041746 167.167918
13 76.419355 150.831796 151.748763 170.543975
14 75.920979 143.264781 92.720979 157.264781
6 109.260169 132.582365 126.403772 141.098233
