13 122.565973 128.165734 136.543628 146.539900
15 110.696438 111.902451 125.458646 135.097709
14 100.739207 102.362966 117.196595 122.407915
15 91.926404 89.491847 103.847305 112.634233
16 109.644507 145.880979 125.142673 164.897287
16 101.562253 138.335499 112.887552 157.441781
15 89.965380 132.784757 101.173490 150.998214
16 77.156846 127.720278 89.889621 142.569521
15 68.648551 124.080734 79.162810 137.399142
11 41.215739 106.422073 70.172819 121.271315
1 68.088480 80.209862 93.479337 96.079959
15 94.405205 133.319538 142.159411 159.304533
15 81.569265 121.737802 132.818758 149.118452
15 62.587651 108.033390 115.787651 131.133390
