7 121.637233 122.672348 181.547583 154.584661
5 117.264657 117.924205 195.645905 152.969642
5 118.229009 118.731842 191.725676 144.301855
6 121.445936 121.981789 192.128607 150.645366
5 138.777697 103.685953 203.324505 127.216784
6 150.344612 97.716426 205.403565 119.450271
6 134.460365 113.475319 189.623291 136.404994
7 115.424708 141.732168 172.824708 160.632168
7 103.376340 153.602703 166.376340 174.602703
7 104.640207 157.821743 166.266799 181.632035
5 157.133628 92.751573 171.410323 108.482116
5 145.485310 108.043991 160.462785 117.793863
5 137.938846 114.604164 152.543322 128.392565
5 133.083533 123.216657 147.746620 134.950795
5 173.948173 112.220953 189.964273 131.340054
4 161.332726 126.330178 180.275779 139.794947
7 156.967149 133.086529 173.099510 144.308383
7 122.937392 131.586419 139.057330 145.603908
7 116.666163 148.713336 136.266163 163.413336
8 120.950145 140.701502 135.916930 152.096677
8 111.860320 163.549517 130.786330 176.867926
7 146.522989 148.966015 162.622989 169.266015
8 138.174375 168.974164 154.324813 186.530074
