5 71.785941 168.509333 105.618470 179.277028
5 69.290472 164.465019 103.425791 185.393857
7 66.894817 166.573472 105.165041 184.930044
7 76.799950 155.474981 105.262074 171.314172
7 80.189304 151.168408 104.041300 164.075770
7 85.174066 146.031559 108.774184 158.415824
6 89.101633 182.175247 102.502837 192.124116
8 66.023045 165.991352 77.613959 177.641674
2 73.078319 160.494560 84.404138 169.701622
10 93.330484 176.865103 101.540211 184.846331
16 70.220297 178.470720 83.224725 184.924401
15 80.545546 183.319428 93.247217 192.446312
