12 130.002330 128.389149 147.283199 140.773414
13 133.225648 135.710189 150.601894 151.440733
17 150.114409 145.329655 164.347784 164.550998
1 161.495175 148.083078 176.437084 164.677656
3 175.249603 143.921211 189.508340 163.231571
7 184.658737 135.972122 200.127819 152.132877
9 189.509399 120.444456 207.108244 137.605167
14 179.971888 96.751597 196.401467 110.925516
12 140.685001 97.586684 179.700762 119.388060
4 139.974013 93.727255 174.383267 126.537772
8 136.364001 67.753431 171.043640 105.508034
