15 48.633688 108.420702 118.647686 137.132036
14 52.948128 115.004818 118.501923 140.656294
14 55.786160 112.900340 113.394927 156.330999
15 78.582727 133.948253 134.310570 162.166155
14 38.073328 88.402390 92.636836 124.538936
14 60.461717 78.879672 73.870673 95.116051
14 73.056726 95.860523 89.297669 112.096902
13 41.380953 97.460691 56.401016 118.190622
14 51.605733 116.967270 67.239887 137.566784
14 80.403080 105.823079 95.242872 121.365601
15 69.172614 89.934179 81.772614 104.634179
13 55.837916 121.994193 70.426881 143.918836
12 43.902309 110.047328 60.532122 125.125789
