16 79.216338 151.223995 134.904847 161.614859
16 80.976544 146.519513 136.174552 173.137749
16 83.443254 147.009286 137.019554 166.114914
14 74.746309 151.869568 135.843118 167.289852
14 91.028572 125.900698 107.192832 133.632450
9 94.952270 138.724522 107.088202 147.851405
6 88.553730 149.721848 100.786109 159.621343
4 78.759959 158.611133 94.654121 167.465510
18 69.438950 159.504141 84.351835 170.004141
10 60.444142 151.489924 72.078681 160.399469
7 60.663971 137.904713 73.254143 147.111776
5 66.833973 129.320436 80.121764 137.146674
2 76.087329 122.357354 90.035753 132.452897
