17 140.820733 79.540849 154.798388 97.915015
19 122.731999 73.895930 137.494206 97.091188
18 107.761667 72.812341 124.219054 92.857291
19 94.263437 69.712921 106.184338 92.855306
2 142.337970 100.853473 157.836137 119.869782
2 131.813513 101.599082 143.138812 120.705363
1 119.088605 104.943397 130.296715 123.156854
2 104.761725 109.200469 117.494500 124.049711
19 95.672055 112.773534 106.186314 126.091942
15 61.641133 110.773204 90.598214 125.622446
5 66.123229 74.446765 91.514085 90.316863
19 121.056102 89.844412 168.810308 115.829408
19 103.818288 87.936447 155.067782 115.317097
1 78.864562 89.513265 132.064562 112.613265
