2 105.527841 105.386834 122.361400 120.739033
2 117.307067 102.231099 133.020729 120.173507
3 133.632358 97.396536 147.124703 114.428271
3 142.743864 95.840537 160.815518 115.365393
3 98.461866 82.318752 117.574764 101.425033
4 111.665373 76.408155 129.995445 94.033705
4 126.645101 69.122785 144.196850 87.376551
3 139.701951 62.743991 157.921998 78.032222
16 146.860227 55.659897 182.136515 72.254474
6 156.123036 91.095036 185.077171 104.847854
3 91.229568 80.611708 152.097921 107.110198
2 102.764887 75.872402 167.380085 101.111261
3 123.249444 73.862316 184.088115 97.330593
2 137.700416 67.070946 205.050172 92.809633
